# th1, dth1, tau1_cmd, tau1, th2, dth2, tau2_cmd, tau2
-7.134075313806533813e-01,0.000000000000000000e+00,-3.771972656250000000e+00,3.638536691665649414e+00,2.457904890179634094e-01,0.000000000000000000e+00,-1.464843750000000000e+00,-1.511860013008117676e+00
-7.134075313806533813e-01,0.000000000000000000e+00,-3.771972656250000000e+00,3.096487760543823242e+00,2.457904890179634094e-01,0.000000000000000000e+00,-1.464843750000000000e+00,-1.057106614112854004e+00
-7.134075313806533813e-01,0.000000000000000000e+00,-3.771972656250000000e+00,3.770011901855468750e+00,2.457904890179634094e-01,0.000000000000000000e+00,-1.464843750000000000e+00,-1.396101832389831543e+00
-7.134075313806533813e-01,0.000000000000000000e+00,-3.771972656250000000e+00,3.337385892868041992e+00,2.457904890179634094e-01,0.000000000000000000e+00,-1.464843750000000000e+00,-1.573903799057006836e+00
-7.134075313806533813e-01,0.000000000000000000e+00,-3.771972656250000000e+00,3.762357950210571289e+00,2.457904890179634094e-01,0.000000000000000000e+00,-1.464843750000000000e+00,-1.286536931991577148e+00
-7.134075313806533813e-01,0.000000000000000000e+00,-3.771972656250000000e+00,3.271169424057006836e+00,2.457904890179634094e-01,0.000000000000000000e+00,-1.464843750000000000e+00,-1.318692922592163086e+00
-7.134075313806533813e-01,0.000000000000000000e+00,-3.771972656250000000e+00,3.836593389511108398e+00,2.457904890179634094e-01,0.000000000000000000e+00,-1.464843750000000000e+00,-1.456203222274780273e+00
-7.134075313806533813e-01,0.000000000000000000e+00,-3.771972656250000000e+00,3.203508615493774414e+00,2.457904890179634094e-01,0.000000000000000000e+00,-1.464843750000000000e+00,-1.507579326629638672e+00
-7.134075313806533813e-01,0.000000000000000000e+00,-3.771972656250000000e+00,3.703295230865478516e+00,2.457904890179634094e-01,0.000000000000000000e+00,-1.464843750000000000e+00,-1.506916165351867676e+00
-7.134075313806533813e-01,0.000000000000000000e+00,-3.771972656250000000e+00,4.160024642944335938e+00,2.457904890179634094e-01,0.000000000000000000e+00,-1.464843750000000000e+00,-1.506155490875244141e+00
-7.134075313806533813e-01,0.000000000000000000e+00,-3.771972656250000000e+00,4.052539348602294922e+00,2.457904890179634094e-01,0.000000000000000000e+00,-1.464843750000000000e+00,-1.569639921188354492e+00
-7.134075313806533813e-01,0.000000000000000000e+00,-3.771972656250000000e+00,3.652830123901367188e+00,2.457904890179634094e-01,0.000000000000000000e+00,-1.464843750000000000e+00,-1.506662964820861816e+00
-7.134075313806533813e-01,0.000000000000000000e+00,-3.771972656250000000e+00,3.719895839691162109e+00,2.457904890179634094e-01,0.000000000000000000e+00,-1.464843750000000000e+00,-1.820722222328186035e+00
-7.134075313806533813e-01,0.000000000000000000e+00,-3.771972656250000000e+00,3.620423078536987305e+00,2.457904890179634094e-01,0.000000000000000000e+00,-1.464843750000000000e+00,-1.559252381324768066e+00
-7.134075313806533813e-01,0.000000000000000000e+00,-3.771972656250000000e+00,3.952710628509521484e+00,2.457904890179634094e-01,0.000000000000000000e+00,-1.464843750000000000e+00,-1.331560850143432617e+00
-7.134075313806533813e-01,0.000000000000000000e+00,-3.771972656250000000e+00,3.252390861511230469e+00,2.457904890179634094e-01,0.000000000000000000e+00,-1.464843750000000000e+00,-1.760963320732116699e+00
-7.134075313806533813e-01,0.000000000000000000e+00,-3.699111936613917351e+00,4.027670860290527344e+00,2.457904890179634094e-01,0.000000000000000000e+00,-1.464843750000000000e+00,-1.541906237602233887e+00
-7.134075313806533813e-01,0.000000000000000000e+00,-3.717041015625000000e+00,3.485896587371826172e+00,2.457904890179634094e-01,0.000000000000000000e+00,-1.464843750000000000e+00,-1.507668972015380859e+00
-7.134075313806533813e-01,0.000000000000000000e+00,-3.698730468750000000e+00,3.002550363540649414e+00,2.457904890179634094e-01,0.000000000000000000e+00,-1.464843750000000000e+00,-1.359518408775329590e+00
-7.134075313806533813e-01,0.000000000000000000e+00,-3.608512870967388153e+00,4.126492023468017578e+00,2.457904890179634094e-01,0.000000000000000000e+00,-1.464843750000000000e+00,-1.154622077941894531e+00
-7.134075313806533813e-01,0.000000000000000000e+00,-3.608131406828761101e+00,3.035872220993041992e+00,2.457904890179634094e-01,0.000000000000000000e+00,-1.464843750000000000e+00,-1.509223222732543945e+00
-7.134075313806533813e-01,0.000000000000000000e+00,-3.485298149287700653e+00,3.335772991180419922e+00,2.457904890179634094e-01,0.000000000000000000e+00,-1.464843750000000000e+00,-1.254983067512512207e+00
-7.134075313806533813e-01,0.000000000000000000e+00,-3.475666044279932976e+00,3.244001150131225586e+00,2.457904890179634094e-01,0.000000000000000000e+00,-1.464843750000000000e+00,-1.508217930793762207e+00
-7.134075313806533813e-01,0.000000000000000000e+00,-3.460693359375000000e+00,3.352479457855224609e+00,2.457904890179634094e-01,0.000000000000000000e+00,-1.464843750000000000e+00,-1.541915178298950195e+00
-7.134075313806533813e-01,0.000000000000000000e+00,-3.398704526945948601e+00,2.944957971572875977e+00,2.457904890179634094e-01,0.000000000000000000e+00,-1.464843750000000000e+00,-1.031630039215087891e+00
-7.134075313806533813e-01,0.000000000000000000e+00,-3.384685514494776726e+00,2.702184677124023438e+00,2.457904890179634094e-01,0.000000000000000000e+00,-1.464843750000000000e+00,-1.360132217407226562e+00
-7.134075313806533813e-01,0.000000000000000000e+00,-3.248977653682231903e+00,3.450664997100830078e+00,2.457904890179634094e-01,0.000000000000000000e+00,-1.464843750000000000e+00,-1.445173740386962891e+00
-7.134075313806533813e-01,0.000000000000000000e+00,-3.277587890625000000e+00,3.634840488433837891e+00,2.457904890179634094e-01,0.000000000000000000e+00,-1.464843750000000000e+00,-1.507019758224487305e+00
-7.134075313806533813e-01,0.000000000000000000e+00,-3.141880020499229431e+00,3.701364517211914062e+00,2.457904890179634094e-01,0.000000000000000000e+00,-1.464843750000000000e+00,-1.401529431343078613e+00
-7.134075313806533813e-01,0.000000000000000000e+00,-3.186035156250000000e+00,3.568567991256713867e+00,2.457904890179634094e-01,0.000000000000000000e+00,-1.464843750000000000e+00,-1.453107476234436035e+00
-7.134075313806533813e-01,0.000000000000000000e+00,-3.058147422969341278e+00,2.535157203674316406e+00,2.457904890179634094e-01,0.000000000000000000e+00,-1.464843750000000000e+00,-1.590297102928161621e+00
-7.134075313806533813e-01,0.000000000000000000e+00,-3.100585935637354851e+00,3.174679040908813477e+00,2.457904890179634094e-01,0.000000000000000000e+00,-1.386260982602834702e+00,-1.372018575668334961e+00
-7.134075313806533813e-01,0.000000000000000000e+00,-2.742576569318771362e+00,3.466450929641723633e+00,2.457904890179634094e-01,0.000000000000000000e+00,-1.234054550528526306e+00,-1.355445504188537598e+00
-7.133331447839736938e-01,1.525878999382257462e-02,-2.579021425917744637e+00,1.932546854019165039e+00,2.457904890179634094e-01,0.000000000000000000e+00,-9.365081638097763062e-01,-1.155445337295532227e+00
-7.132854610681533813e-01,0.000000000000000000e+00,-2.130317658185958862e+00,2.370984315872192383e+00,2.457904890179634094e-01,0.000000000000000000e+00,-6.416320502758026123e-01,-7.201364636421203613e-01
-7.132854610681533813e-01,0.000000000000000000e+00,-1.254558503627777100e+00,1.317977070808410645e+00,2.457904890179634094e-01,0.000000000000000000e+00,1.136780381202697754e-01,-2.194242179393768311e-01
-7.125663906335830688e-01,3.051758557558059692e-02,9.491921514272689819e-01,-7.616333961486816406e-01,2.460441663861274719e-01,6.103515997529029846e-02,1.483154401183128357e+00,9.043144583702087402e-01
-7.068901211023330688e-01,5.035400986671447754e-01,1.138210296630859375e+00,-1.172107100486755371e+00,2.471599653363227844e-01,9.155274182558059692e-02,2.950286954641342163e+00,2.468125581741333008e+00
-6.955700069665908813e-01,7.476807236671447754e-01,-9.657859802246093750e-01,-1.318574547767639160e-01,2.523117139935493469e-01,2.136230766773223877e-01,4.156494259834289551e+00,3.670226573944091797e+00
-6.898479610681533813e-01,0.000000000000000000e+00,4.382515192031860352e+00,-3.139303922653198242e+00,2.568416669964790344e-01,2.899170219898223877e-01,5.469894528388977051e+00,5.283927917480468750e+00
-6.750660091638565063e-01,1.831054806709289551e+00,2.956199645996093750e+00,-7.782866954803466797e-01,2.629184797406196594e-01,3.662109673023223877e-01,7.475662589073181152e+00,6.558217048645019531e+00
-6.413993984460830688e-01,9.307863712310791016e-01,4.637336492538452148e+00,-4.185978889465332031e+00,2.737159803509712219e-01,6.866455674171447754e-01,8.215332269668579102e+00,7.939245700836181641e+00
-6.141929775476455688e-01,1.831054925918579102e+00,2.002715826034545898e+00,-1.496794104576110840e+00,2.886428907513618469e-01,8.392334580421447754e-01,6.803131341934204102e+00,6.886157989501953125e+00
-5.869980007410049438e-01,1.266479730606079102e+00,5.054664611816406250e+00,-3.571109294891357422e+00,3.061122968792915344e-01,8.850098848342895508e-01,6.807708740234375000e+00,6.767473220825195312e+00
-5.524864345788955688e-01,2.059936761856079102e+00,1.842975616455078125e+00,-1.698876619338989258e+00,3.194751814007759094e-01,9.307862520217895508e-01,6.549453735351562500e+00,6.427525520324707031e+00
-5.305195003747940063e-01,1.464843988418579102e+00,4.736614227294921875e+00,-5.548960208892822266e+00,3.359279707074165344e-01,7.629395723342895508e-01,6.437301635742187500e+00,6.247371196746826172e+00
-4.892120510339736938e-01,2.120971918106079102e+00,1.302909851074218750e+00,-1.914974927902221680e+00,3.480072095990180969e-01,8.850098848342895508e-01,6.455993652343750000e+00,6.467114925384521484e+00
-4.721698909997940063e-01,1.159668207168579102e+00,6.729030609130859375e+00,-6.080555915832519531e+00,3.617401197552680969e-01,6.866456270217895508e-01,7.466506958007812500e+00,7.680431365966796875e+00
-4.209499508142471313e-01,2.838135004043579102e+00,-1.020431518554687500e-02,-9.281879067420959473e-01,3.769836500287055969e-01,8.544923067092895508e-01,5.432128906250000000e+00,5.763903617858886719e+00
-4.007301479578018188e-01,7.934572696685791016e-01,4.184532165527343750e+00,-4.033076286315917969e+00,3.885307386517524719e-01,6.256104707717895508e-01,5.715942382812500000e+00,5.813737869262695312e+00
-3.612098842859268188e-01,3.295898675918579102e+00,-1.840114593505859375e+00,-8.456691503524780273e-01,3.983726575970649719e-01,2.593995332717895508e-01,6.968307495117187500e+00,6.691798686981201172e+00
-3.506069332361221313e-01,-6.256101727485656738e-01,6.671047329902648926e+00,-5.039724826812744141e+00,4.083461835980415344e-01,3.814698457717895508e-01,5.838394165039062500e+00,5.702172279357910156e+00
-3.181057125329971313e-01,2.883911371231079102e+00,-2.426815032958984375e+00,2.103683352470397949e-01,4.119949415326118469e-01,2.136230617761611938e-01,6.500244557857513428e+00,6.041629314422607422e+00
-3.131408840417861938e-01,-1.296996951103210449e+00,8.283329248428344727e+00,-4.577603816986083984e+00,4.182739332318305969e-01,6.103515997529029846e-02,6.971359714865684509e+00,7.294858455657958984e+00
-2.864856868982315063e-01,2.670288324356079102e+00,-2.362537384033203125e+00,-9.712377190589904785e-02,4.196720197796821594e-01,1.220703125000000000e-01,5.900955677032470703e+00,6.155134201049804688e+00
-2.915802150964736938e-01,-3.051756620407104492e-01,3.885269401594996452e+00,-2.515328884124755859e+00,4.224987104535102844e-01,7.629393786191940308e-02,5.544662982225418091e+00,6.196150302886962891e+00
-2.714862972497940063e-01,1.144409418106079102e+00,-2.178669452667236328e+00,6.324760913848876953e-01,4.202976301312446594e-01,-1.831054985523223877e-01,6.895446896553039551e+00,6.513715267181396484e+00
-2.908210903406143188e-01,-1.739502191543579102e+00,6.212425678968429565e+00,-4.491018772125244141e+00,4.187622144818305969e-01,1.525879055261611938e-01,5.859756410121917725e+00,6.020390987396240234e+00
-2.741336971521377563e-01,1.144409418106079102e+00,-3.283596575260162354e+00,1.319487571716308594e+00,4.099617078900337219e-01,-5.187988877296447754e-01,1.018676781281828880e+01,8.747543334960937500e+00
-2.948475033044815063e-01,-2.532958984375000000e+00,5.174350619316101074e+00,-2.143322229385375977e+00,4.085941389203071594e-01,1.373291164636611938e-01,5.051421940326690674e+00,5.999167919158935547e+00
-2.844715267419815063e-01,1.693725824356079102e+00,-9.675598859786987305e+00,7.636972904205322266e+00,4.042205885052680969e-01,-5.035400986671447754e-01,5.611419677734375000e+00,6.324165821075439453e+00
-3.337879329919815063e-01,-3.479003906250000000e+00,3.217410802841186523e+00,-4.384437203407287598e-02,4.034710004925727844e-01,5.798340439796447754e-01,-1.353073596954345703e+00,7.127162814140319824e-01
-3.356552273035049438e-01,1.953125119209289551e+00,-1.217861247062683105e+01,9.943455696105957031e+00,3.886890485882759094e-01,-1.068115234375000000e+00,3.479766368865966797e+00,1.119643092155456543e+00
-3.586845546960830688e-01,-3.219604492187500000e+00,-7.305050373077392578e+00,9.504773139953613281e+00,3.876705244183540344e-01,-7.629392296075820923e-02,-4.771805375814437866e+00,-7.356125712394714355e-01
-3.767643123865127563e-01,6.103517115116119385e-02,-1.729469349980354309e+01,1.663797569274902344e+01,3.826713636517524719e-01,-2.136230468750000000e-01,-8.145905017852783203e+00,-6.736953258514404297e+00
-4.004764705896377563e-01,-2.517700195312500000e+00,-1.775560426712036133e+01,1.868132400512695312e+01,3.730392530560493469e-01,-3.051757812500000000e-02,-1.211814928054809570e+01,-1.120361232757568359e+01
-4.194507747888565063e-01,-1.831054687500000000e+00,-2.664184617996215820e+01,2.603763008117675781e+01,3.578891828656196594e-01,-1.403808712959289551e+00,-1.029357910156250000e+01,-1.108837985992431641e+01
-4.562893062829971313e-01,-1.266479492187500000e+00,-3.338461017608642578e+01,3.338785552978515625e+01,3.487281873822212219e-01,-1.525880098342895508e-01,-2.100219774246215820e+01,-1.585753154754638672e+01
-4.917869716882705688e-01,-3.387451171875000000e+00,-3.623647785186767578e+01,3.610614776611328125e+01,3.214130476117134094e-01,-1.678467035293579102e+00,-1.780929565429687500e+01,-1.851077842712402344e+01
-5.465755611658096313e-01,-2.777099609375000000e+00,-3.972759342193603516e+01,3.885429382324218750e+01,2.979583814740180969e-01,-1.739502191543579102e+00,-2.164344787597656250e+01,-2.026246643066406250e+01
-6.170616298913955688e-01,-5.096435546875000000e+00,-3.383674716949462891e+01,3.384554672241210938e+01,2.550792768597602844e-01,-3.250122308731079102e+00,-1.551475524902343750e+01,-1.729009246826171875e+01
-6.984672695398330688e-01,-6.103515625000000000e+00,-2.002058124542236328e+01,1.882956123352050781e+01,2.067298963665962219e-01,-2.960205316543579102e+00,-2.799987792968750000e+00,-4.686892032623291016e+00
-7.985344082117080688e-01,-6.759643554687500000e+00,8.239936351776123047e+00,-6.624750614166259766e+00,1.518402174115180969e-01,-3.463745355606079102e+00,9.181594848632812500e+00,3.899873018264770508e+00
-8.264598995447158813e-01,3.036499261856079102e+00,-1.094150638580322266e+01,8.993110656738281250e+00,1.235599592328071594e-01,3.967286348342895508e-01,5.752559304237365723e-01,5.022194385528564453e+00
-7.778244167566299438e-01,1.083374261856079102e+00,-1.325435733795166016e+01,1.222931766510009766e+01,1.206836774945259094e-01,2.899170219898223877e-01,1.324462890625000000e+00,6.607786417007446289e-01
-7.742691189050674438e-01,-6.103515028953552246e-01,-1.062545836158096790e+01,9.561894416809082031e+00,1.092510297894477844e-01,-9.155274629592895508e-01,1.001625120639801025e+01,6.595539569854736328e+00
-7.890987545251846313e-01,-1.663208007812500000e+00,-6.285762786865234375e+00,6.932770729064941406e+00,1.060791090130805969e-01,-6.103517115116119385e-02,7.138824582099914551e+00,7.826874732971191406e+00
-8.112297207117080688e-01,-1.098632812500000000e+00,-4.407596603035926819e+00,4.879357337951660156e+00,1.078453138470649719e-01,3.509521782398223877e-01,4.664230283349752426e+00,4.892026424407958984e+00
-8.242130428552627563e-01,-2.899169921875000000e-01,-3.965187072753906250e+00,3.817909955978393555e+00,1.238365247845649719e-01,1.266479611396789551e+00,-1.997757408767938614e+00,7.040038704872131348e-01
-8.328972011804580688e-01,-1.144409179687500000e+00,-9.727478027343750000e-01,8.754114508628845215e-01,1.415290907025337219e-01,1.251220822334289551e+00,-5.290604099631309509e+00,-4.401288509368896484e+00
-8.498973995447158813e-01,-6.713867187500000000e-01,6.352424621582031250e-01,4.109283387660980225e-01,1.593113020062446594e-01,7.934571504592895508e-01,-7.167053699493408203e+00,-6.735218524932861328e+00
-8.569526821374893188e-01,-1.525878813117742538e-02,3.812789898365736008e-01,-6.322293281555175781e-01,1.706905439496040344e-01,3.662110567092895508e-01,-7.733917713165283203e+00,-7.629685401916503906e+00
-8.570232540369033813e-01,-3.051758110523223877e-01,9.716988205909729004e-01,-5.921455025672912598e-01,1.775760725140571594e-01,7.629395127296447754e-01,-1.073493981361389160e+01,-9.615555763244628906e+00
-8.589096218347549438e-01,-1.525881793349981308e-02,8.898735698312520981e-01,-1.434833288192749023e+00,1.774768903851509094e-01,-1.983642876148223877e-01,-6.894302248954772949e+00,-8.269681930541992188e+00
-8.583488613367080688e-01,7.629395276308059692e-02,6.793975755572319031e-01,-5.469872951507568359e-01,1.763534620404243469e-01,-1.220703199505805969e-01,-7.213973984122276306e+00,-7.458856582641601562e+00
-8.385963588953018188e-01,3.707885980606079102e+00,-9.433556064963340759e+00,9.144925117492675781e+00,1.675109937787055969e-01,-3.662109971046447754e-01,-4.376601938158273697e+00,-4.530469894409179688e+00
-7.901649624109268188e-01,1.739502429962158203e+00,-1.277828311733901501e+01,1.184686183929443359e+01,1.543064191937446594e-01,-1.388549923896789551e+00,2.354050159454345703e+00,8.515473455190658569e-02
-7.827224880456924438e-01,7.629442214965820312e-02,-1.054420566372573376e+01,1.106552791595458984e+01,1.338367536664009094e-01,-1.541137814521789551e+00,7.033920764923095703e+00,5.809324264526367188e+00
-7.860012203454971313e-01,3.204345703125000000e-01,-1.048917769826948643e+01,1.139031600952148438e+01,1.187915876507759094e-01,8.697510361671447754e-01,1.266476958990097046e-01,1.152219533920288086e+00
-7.322807461023330688e-01,2.105712890625000000e+00,-1.724777197837829590e+01,1.548875904083251953e+01,1.528434827923774719e-01,1.983642816543579102e+00,-5.142211914062500000e-01,1.347447484731674194e-01
-7.214241176843643188e-01,-3.204346001148223877e-01,2.668477118015289307e+00,-1.041631937026977539e+00,1.782207563519477844e-01,7.171633243560791016e-01,1.329574584960937500e+01,8.734708786010742188e+00
-6.817627102136611938e-01,2.960205078125000000e+00,8.912096023559570312e-01,-2.118610858917236328e+00,2.030944898724555969e-01,1.998901605606079102e+00,8.825302124023437500e+00,1.051666450500488281e+01
-6.464862972497940063e-01,1.327514648437500000e+00,4.098607063293457031e+00,-3.755513906478881836e+00,2.373046949505805969e-01,1.541137933731079102e+00,1.007919311523437500e+01,9.819337844848632812e+00
-6.034259945154190063e-01,2.456665039062500000e+00,1.189042091369628906e+00,-9.704052209854125977e-01,2.700119093060493469e-01,1.983642816543579102e+00,3.379058837890625000e+00,3.997854709625244141e+00
-5.671558529138565063e-01,1.495361328125000000e+00,3.826237678527832031e+00,-3.851095676422119141e+00,3.000240400433540344e-01,1.388550043106079102e+00,3.140258789062500000e+00,3.252918958663940430e+00
-5.298195034265518188e-01,2.410888671875000000e+00,4.131326675415039062e-01,-1.899873733520507812e+00,3.271484449505805969e-01,1.586914300918579102e+00,-2.648925781250000000e+00,-5.523888468742370605e-01
-5.072136074304580688e-01,1.129150390625000000e+00,4.347516059875488281e+00,-3.998097181320190430e+00,3.453998640179634094e-01,6.713869571685791016e-01,-7.854461669921875000e-01,-1.743904232978820801e+00
-4.670791774988174438e-01,1.968383789062500000e+00,5.213833808898925781e+00,-6.996568679809570312e+00,3.590183332562446594e-01,5.645754337310791016e-01,2.721023559570312500e+00,1.272012233734130859e+00
-4.385471493005752563e-01,1.739501953125000000e+00,7.797337532043457031e+00,-7.437714099884033203e+00,3.669033125042915344e-01,6.103539466857910156e-02,6.372070312500000000e+00,5.437420368194580078e+00
-3.923912197351455688e-01,3.005981445312500000e+00,3.786850929260253906e+00,-3.710746526718139648e+00,3.688411787152290344e-01,7.629418373107910156e-02,8.802413940429687500e+00,8.291810035705566406e+00
-3.529930263757705688e-01,2.532958984375000000e+00,4.578209877014160156e+00,-4.562584877014160156e+00,3.703975751996040344e-01,1.068115308880805969e-01,1.013946625590324402e+01,1.016421031951904297e+01
-3.061733394861221313e-01,2.944946289062500000e+00,4.953862190246582031e+00,-5.307168483734130859e+00,3.733444288372993469e-01,1.678467094898223877e-01,1.107750022411346436e+01,1.080710792541503906e+01
-2.568817287683486938e-01,2.655029296875000000e+00,1.984406471252441406e+00,-1.226924896240234375e+00,3.784236982464790344e-01,3.051758110523223877e-01,1.038894736766815186e+01,1.059746551513671875e+01
-2.163620144128799438e-01,2.319335937500000000e+00,2.228165626525878906e+00,-2.330127239227294922e+00,3.838443830609321594e-01,3.814697563648223877e-01,9.933853983879089355e+00,1.002037811279296875e+01
-1.775512844324111938e-01,2.502441406250000000e+00,-2.284040451049804688e-01,-7.288069725036621094e-01,3.909206464886665344e-01,4.577637016773223877e-01,8.747101664543151855e+00,9.356468200683593750e+00
-1.443767696619033813e-01,1.708984375000000000e+00,2.244378089904785156e+00,-2.370707035064697266e+00,3.997345045208930969e-01,6.103516221046447754e-01,6.862641096115112305e+00,7.959070205688476562e+00
-1.147346645593643188e-01,1.739501953125000000e+00,-5.383479185402393341e-01,2.908128499984741211e-01,4.056396558880805969e-01,3.662109971046447754e-01,6.664658308029174805e+00,6.840723037719726562e+00
-1.024246364831924438e-01,1.068115234375000000e-01,3.573514543473720551e+00,-8.797183036804199219e-01,4.110698774456977844e-01,3.509522080421447754e-01,5.359649419784545898e+00,6.053683757781982422e+00
-8.173562586307525635e-02,2.059936523437500000e+00,-2.630422987043857574e+00,-8.174118399620056152e-01,4.144992902874946594e-01,4.577642679214477539e-02,5.791473139077425003e+00,5.829433917999267578e+00
-8.414651453495025635e-02,-9.918214082717895508e-01,3.825570903718471527e+00,-2.627424478530883789e+00,4.166011884808540344e-01,-1.983642727136611938e-01,4.588699281215667725e+00,4.870460033416748047e+00
-7.591439783573150635e-02,1.373291015625000000e+00,-2.926635213196277618e+00,1.279452323913574219e+00,4.157333448529243469e-01,-2.593994438648223877e-01,3.308105468750000000e+00,3.281231880187988281e+00
-8.984185755252838135e-02,-1.785278439521789551e+00,3.632832251489162445e+00,-1.380423784255981445e+00,4.108753278851509094e-01,-3.662109673023223877e-01,2.747344851493835449e+00,2.945687532424926758e+00
-9.343339502811431885e-02,7.629395723342895508e-01,-4.270839609205722809e+00,2.367916584014892578e+00,4.015121534466743469e-01,-9.155274033546447754e-01,5.055999755859375000e+00,4.939850330352783203e+00
-1.207904964685440063e-01,-3.494262933731079102e+00,3.740025363862514496e+00,-1.184978842735290527e+00,3.933429792523384094e-01,-1.983643174171447754e-01,2.003097534179687500e+00,3.088934421539306641e+00
-1.309280544519424438e-01,7.324216961860656738e-01,-8.878039874136447906e+00,6.177424907684326172e+00,3.792095258831977844e-01,-1.022338986396789551e+00,5.571747064590454102e+00,4.534628391265869141e+00
-1.917610317468643188e-01,-4.287720203399658203e+00,2.133751392364501953e+00,-2.165030092000961304e-01,3.687343671917915344e-01,-3.814698457717895508e-01,2.519989252090454102e+00,3.350545167922973633e+00
-2.129364162683486938e-01,7.629396021366119385e-02,-9.682465106248855591e+00,6.210282802581787109e+00,3.563995435833930969e-01,-8.392335176467895508e-01,3.761673212051391602e+00,3.340390920639038086e+00
-2.993602901697158813e-01,-6.134033679962158203e+00,7.402897357940673828e+00,-3.551059961318969727e+00,3.449554517865180969e-01,-3.967286348342895508e-01,1.677322626113891602e+00,2.848700284957885742e+00
-2.783870846033096313e-01,3.784179687500000000e+00,-2.530708360671997070e+01,2.201148414611816406e+01,3.293819501996040344e-01,-6.561280488967895508e-01,2.589035272598266602e+00,1.597571611404418945e+00
-3.493137508630752563e-01,-4.745483875274658203e+00,-5.885409832000732422e+00,8.526723861694335938e+00,3.286438062787055969e-01,9.155276417732238770e-02,-3.746033310890197754e+00,-6.187862157821655273e-01
-3.496036678552627563e-01,-4.730222523212432861e-01,-2.393121808767318726e+01,2.139260292053222656e+01,3.116912916302680969e-01,-9.765626192092895508e-01,1.956939697265625000e-01,-8.692381978034973145e-01
-4.172783046960830688e-01,-2.914428710937500000e+00,-1.789283847808837891e+01,1.836030387878417969e+01,3.106498792767524719e-01,4.119872450828552246e-01,-8.572006464004516602e+00,-4.826398849487304688e+00
-4.361095577478408813e-01,-1.541137695312500000e+00,-2.814588642120361328e+01,2.661980247497558594e+01,2.915344312787055969e-01,-1.403808712959289551e+00,-2.207183837890625000e+00,-3.978919744491577148e+00
-4.855404049158096313e-01,-2.700805664062500000e+00,-2.772369480133056641e+01,2.842848968505859375e+01,2.748642042279243469e-01,-1.220703244209289551e+00,-4.577255249023437500e+00,-3.733865976333618164e+00
-5.407467037439346313e-01,-3.601074218750000000e+00,-2.890806293487548828e+01,2.911901664733886719e+01,2.490310743451118469e-01,-1.724243283271789551e+00,-3.665161132812500000e+00,-3.900263786315917969e+00
-5.970115810632705688e-01,-4.043579101562500000e+00,-2.776041126251220703e+01,2.706223297119140625e+01,2.126293256878852844e-01,-1.953125238418579102e+00,-2.072143077850341797e+00,-2.138896465301513672e+00
-6.802730709314346313e-01,-4.348754882812500000e+00,-2.228336429595947266e+01,2.269663429260253906e+01,1.740360334515571594e-01,-2.822876214981079102e+00,4.140472888946533203e+00,9.493933916091918945e-01
-7.559414058923721313e-01,-5.569458007812500000e+00,-1.139173603057861328e+01,1.103123474121093750e+01,1.310272291302680969e-01,-2.929687738418579102e+00,1.031799364089965820e+01,8.978304862976074219e+00
-8.246898800134658813e-01,3.356933891773223877e-01,-9.780406892299652100e+00,1.115134048461914062e+01,9.853935986757278442e-02,1.266479372978210449e+00,3.165054321289062500e+00,7.642468452453613281e+00
-7.983150631189346313e-01,1.770019769668579102e+00,-1.066722893714904785e+01,8.890922546386718750e+00,1.013107374310493469e-01,1.831054091453552246e-01,7.286453500390052795e+00,6.035329818725585938e+00
-8.128662258386611938e-01,-1.617431521415710449e+00,-2.416515350341796875e+00,2.416738271713256836e+00,1.062488630414009094e-01,4.730224013328552246e-01,6.970596671104431152e+00,7.004634857177734375e+00
-8.206997066736221313e-01,3.051757998764514923e-02,-3.040218118578195572e+00,3.145416975021362305e+00,1.180229261517524719e-01,1.083374023437500000e+00,3.362655758857727051e+00,4.274086475372314453e+00
-8.235359340906143188e-01,-5.950928330421447754e-01,-1.920508980751037598e+00,1.812079071998596191e+00,1.410789564251899719e-01,1.464843750000000000e+00,-1.282119512557983398e+00,4.495714604854583740e-01
-8.375091701745986938e-01,-6.256104111671447754e-01,6.155971288681030273e-01,-1.506455838680267334e-01,1.581573560833930969e-01,1.296997070312500000e+00,-3.339385747909545898e+00,-2.369589090347290039e+00
-8.498726040124893188e-01,-9.460449814796447754e-01,2.916050076484680176e+00,-3.143580198287963867e+00,1.732921674847602844e-01,9.002685546875000000e-01,-4.502868413925170898e+00,-4.297468662261962891e+00
-8.543701320886611938e-01,0.000000000000000000e+00,1.741123201325535774e+00,-2.030845403671264648e+00,1.868934705853462219e-01,7.781982421875000000e-01,-5.736160039901733398e+00,-5.277522087097167969e+00
-8.586273342370986938e-01,-3.662109971046447754e-01,2.850723356008529663e+00,-3.417978763580322266e+00,1.989955976605415344e-01,5.950927734375000000e-01,-7.215881109237670898e+00,-5.884045600891113281e+00
-8.597412258386611938e-01,0.000000000000000000e+00,2.029800385236740112e+00,-1.686422228813171387e+00,2.023410871624946594e-01,3.051757812500000000e-02,-5.725097417831420898e+00,-6.218180656433105469e+00
-8.518142849206924438e-01,1.495361447334289551e+00,-2.055740594863891602e+00,1.945177316665649414e+00,2.108631208539009094e-01,1.068115353584289551e+00,-1.131439232826232910e+01,-9.296062469482421875e+00
-8.122635036706924438e-01,2.334594964981079102e+00,-9.624100204557180405e+00,9.244280815124511719e+00,2.298450544476509094e-01,5.645753145217895508e-01,-1.273231551051139832e+01,-1.243229198455810547e+01
-7.928924709558486938e-01,1.525902654975652695e-02,3.406238557770848274e+00,-1.574535250663757324e+00,2.359027937054634094e-01,1.678467988967895508e-01,1.800537586212158203e+00,-2.240836381912231445e+00
-7.494259029626846313e-01,4.486084461212158203e+00,7.968235015869140625e+00,-8.955242156982421875e+00,2.463188245892524719e-01,3.814698457717895508e-01,1.531639242172241211e+01,9.093534469604492188e+00
-6.566314846277236938e-01,4.837036609649658203e+00,2.142524719238281250e+00,-2.150054931640625000e+00,2.737083509564399719e-01,2.838135004043579102e+00,6.197739601135253906e+00,7.934335708618164062e+00
-5.916671901941299438e-01,3.784180164337158203e+00,-6.968498229980468750e-01,3.888708651065826416e-01,3.069439008831977844e-01,7.781984806060791016e-01,1.364212131500244141e+01,1.121939659118652344e+01
-5.317459255456924438e-01,3.555298328399658203e+00,-4.082679748535156250e-01,9.655606746673583984e-02,3.182010725140571594e-01,8.850100040435791016e-01,1.415138339996337891e+01,1.410589504241943359e+01
-4.711551815271377563e-01,3.250122547149658203e+00,-2.812385559082031250e+00,2.723794460296630859e+00,3.447876051068305969e-01,1.129150629043579102e+00,1.157951450347900391e+01,1.258974456787109375e+01
-4.340915828943252563e-01,1.815796375274658203e+00,-5.199432373046875000e-01,1.238724470138549805e+00,3.696270063519477844e-01,1.708984613418579102e+00,5.994797706604003906e+00,6.938095092773437500e+00
-3.916034847497940063e-01,2.319336414337158203e+00,-2.217388153076171875e+00,8.868334293365478516e-01,4.007644727826118469e-01,1.373291254043579102e+00,1.880646705627441406e+00,2.798302412033081055e+00
-3.698597103357315063e-01,7.476811408996582031e-01,5.726528167724609375e+00,-2.394837617874145508e+00,4.235744550824165344e-01,1.571655511856079102e+00,1.117715835571289062e-01,1.039687156677246094e+00
-3.430023342370986938e-01,1.602173328399658203e+00,7.673358917236328125e+00,-7.365307331085205078e+00,4.455070570111274719e-01,6.866457462310791016e-01,1.701355934143066406e+00,1.023358106613159180e+00
-3.167019039392471313e-01,1.235962390899658203e+00,9.193134307861328125e+00,-7.710682392120361328e+00,4.578380659222602844e-01,8.087160587310791016e-01,3.479013442993164062e-01,8.999590277671813965e-01
-2.766666561365127563e-01,2.777100086212158203e+00,4.513549804687500000e+00,-4.068521976470947266e+00,4.632778242230415344e-01,1.678469181060791016e-01,4.381943702697753906e+00,2.890993595123291016e+00
-2.471408993005752563e-01,1.968384265899658203e+00,9.348773956298828125e+00,-9.513884544372558594e+00,4.631137922406196594e-01,-3.051758185029029846e-02,5.810548797249794006e+00,5.804075241088867188e+00
-1.841240078210830688e-01,3.753662586212158203e+00,6.492614746093750000e-01,-1.901899456977844238e+00,4.586067274212837219e-01,-5.950928330421447754e-01,9.049989938735961914e+00,7.603571891784667969e+00
-1.563205868005752563e-01,1.373291492462158203e+00,5.932522099465131760e+00,-5.457063674926757812e+00,4.539604261517524719e-01,-7.629400491714477539e-02,7.279587030410766602e+00,8.007506370544433594e+00
-9.964944422245025635e-02,4.379272937774658203e+00,-4.815673269331455231e+00,2.963715791702270508e+00,4.486770704388618469e-01,-5.798340439796447754e-01,9.649276912212371826e+00,9.056503295898437500e+00
-7.126618921756744385e-02,-4.577632546424865723e-01,3.770638190209865570e+00,-1.728623986244201660e+00,4.427108839154243469e-01,-3.967285752296447754e-01,9.931183040142059326e+00,9.542370796203613281e+00
-3.404428064823150635e-02,3.845215082168579102e+00,-9.892080619931221008e+00,5.495545387268066406e+00,4.420795515179634094e-01,0.000000000000000000e+00,5.496215581893920898e+00,6.643480777740478516e+00
-4.484178125858306885e-02,-3.112792968750000000e+00,6.454660579562187195e+00,-2.831019163131713867e+00,4.402713850140571594e-01,-1.220703274011611938e-01,4.680633366107940674e+00,4.587131977081298828e+00
-2.144815027713775635e-02,3.738403558731079102e+00,-1.035404045879840851e+01,6.604853153228759766e+00,4.412593916058540344e-01,-3.051757998764514923e-02,2.481078870594501495e+00,3.233535766601562500e+00
-6.729890446877107024e-02,-5.401611804962158203e+00,1.412182064505759627e+01,-9.433279991149902344e+00,4.390430524945259094e-01,1.220703199505805969e-01,1.161575049161911011e+00,1.818397879600524902e+00
-4.237367212772369385e-02,3.738403320312500000e+00,-1.280078800022602081e+01,7.169596672058105469e+00,4.332637861371040344e-01,-1.205444335937500000e+00,7.342529058456420898e+00,5.008440494537353516e+00
-8.904458582401275635e-02,-7.064819812774658203e+00,1.253481094539165497e+01,-6.528416156768798828e+00,4.244899824261665344e-01,-4.577636718750000000e-02,3.404617071151733398e+00,4.085409164428710938e+00
-6.837655592244118452e-02,7.476807117462158203e+00,-2.658586535113863647e+01,2.195767784118652344e+01,4.203376844525337219e-01,-1.174926757812500000e+00,8.444213628768920898e+00,8.549079895019531250e+00
-8.702851459383964539e-02,-8.316040039062500000e+00,1.439761918038129807e+00,4.808809757232666016e+00,4.022674635052680969e-01,-1.525877509266138077e-02,6.050109568983316422e+00,7.258337497711181641e+00
-9.069062396883964539e-02,4.409790515899658203e+00,-3.097982493788003922e+01,2.900326728820800781e+01,4.034328535199165344e-01,-9.307861328125000000e-01,7.384490728378295898e+00,7.003244876861572266e+00
-1.705131679773330688e-01,-8.636474609375000000e+00,9.979254454374313354e-01,2.882867813110351562e+00,3.890991285443305969e-01,-1.525878906250000000e-01,3.722381353378295898e+00,5.875205039978027344e+00
-1.529388576745986938e-01,4.074097156524658203e+00,-3.493166112899780273e+01,2.918756866455078125e+01,3.874187543988227844e-01,-1.358032226562500000e+00,4.200744152069091797e+00,4.104013442993164062e+00
-3.021793514490127563e-01,-8.682250976562500000e+00,3.538703441619873047e+00,5.286670684814453125e+00,3.801689222455024719e-01,1.296997189521789551e+00,-8.894730567932128906e+00,-3.333044767379760742e+00
-2.232132107019424438e-01,3.997803688049316406e+00,-4.261713266372680664e+01,3.824808120727539062e+01,3.652763441205024719e-01,-1.800537109375000000e+00,1.112365245819091797e+00,-1.339098572731018066e+00
-3.354282528162002563e-01,-8.804321289062500000e+00,-8.150196552276611328e+00,1.236043930053710938e+01,3.615093305706977844e-01,7.629394531250000000e-01,-1.357574510574340820e+01,-5.842607498168945312e+00
-3.344230800867080688e-01,1.205444574356079102e+00,-3.706855869293212891e+01,3.377038955688476562e+01,3.309307172894477844e-01,-3.295898675918579102e+00,2.699661731719970703e+00,-2.710340738296508789e+00
-4.530754238367080688e-01,-7.736206054687500000e+00,-1.290645694732666016e+01,1.521675491333007812e+01,3.061752393841743469e-01,5.035398602485656738e-01,-1.604309105873107910e+01,-8.108086585998535156e+00
-4.579982906579971313e-01,-8.087158799171447754e-01,-3.571500861644744873e+01,3.181295967102050781e+01,2.820968702435493469e-01,-2.563476800918579102e+00,-6.860351562500000000e+00,-8.289405822753906250e+00
-5.706787258386611938e-01,-6.011963367462158203e+00,-1.937112808227539062e+01,2.077214431762695312e+01,2.411289289593696594e-01,-1.419067621231079102e+00,-1.175041198730468750e+01,-1.074209403991699219e+01
-6.361904293298721313e-01,-5.096436023712158203e+00,-2.234020233154296875e+01,2.330574989318847656e+01,1.900692060589790344e-01,-3.250122308731079102e+00,-2.784347534179687500e+00,-4.611003875732421875e+00
-7.439022213220596313e-01,-6.546020984649658203e+00,-1.407938003540039062e+01,1.281977272033691406e+01,1.340828016400337219e-01,-3.051758050918579102e+00,-4.264831542968750000e-01,-1.063199877738952637e+00
-8.446121364831924438e-01,4.119864702224731445e-01,-3.852366447448730469e+00,4.736488342285156250e+00,9.850502759218215942e-02,-5.493162274360656738e-01,1.845549583435058594e+00,1.296151876449584961e+00
-7.811031490564346313e-01,2.227783203125000000e+00,-1.444883394241333008e+01,1.215838146209716797e+01,9.547997266054153442e-02,-6.103521585464477539e-02,3.554534912109375000e+00,2.982223033905029297e+00
-8.139495998620986938e-01,-4.455566883087158203e+00,2.567578196525573730e+00,3.989180922508239746e-01,1.028461530804634094e-01,3.967285752296447754e-01,1.538085937500000000e+00,2.369347572326660156e+00
-7.994899898767471313e-01,3.234863042831420898e+00,-1.538562732934951782e+01,1.257572078704833984e+01,9.727478772401809692e-02,-1.525879502296447754e-01,6.636429190635681152e+00,5.154464721679687500e+00
-8.296890407800674438e-01,-4.913330554962158203e+00,4.794693887233734131e+00,7.875064015388488770e-02,1.211509779095649719e-01,1.647949218750000000e+00,-5.731963872909545898e+00,-7.462927103042602539e-01
-8.194027096033096313e-01,5.599975585937500000e+00,-1.759862899780273438e+01,1.361576271057128906e+01,1.210727766156196594e-01,-1.220703423023223877e-01,2.145767569541931152e+00,-5.264603495597839355e-01
-8.390464931726455688e-01,-7.476807117462158203e+00,1.115884873457252979e+01,-5.674475193023681641e+00,1.432342603802680969e-01,2.502441406250000000e+00,-1.210975641012191772e+01,-6.758992671966552734e+00
-8.435745388269424438e-01,5.737304687500000000e+00,-1.539344793558120728e+01,1.272572708129882812e+01,1.516704633831977844e-01,7.629394531250000000e-02,-4.341506898403167725e+00,-6.334446430206298828e+00
-8.554592281579971313e-01,-8.346558570861816406e+00,1.454515641927719116e+01,-1.281223106384277344e+01,1.607265546917915344e-01,1.266479492187500000e+00,-1.000862109661102295e+01,-8.154994010925292969e+00
-8.640632778406143188e-01,5.996703624725341797e+00,-1.305990129522979259e+01,1.089235496520996094e+01,1.670227125287055969e-01,-1.068115308880805969e-01,-4.523467868566513062e+00,-5.491377830505371094e+00
-8.574714809656143188e-01,-6.759644031524658203e+00,1.409807300567626953e+01,-9.674763679504394531e+00,1.781292036175727844e-01,6.713867187500000000e-01,1.945500373840332031e-01,-1.037896156311035156e+00
-8.767147213220596313e-01,2.914428472518920898e+00,6.786537647247314453e+00,-7.847469806671142578e+00,1.827392652630805969e-01,9.155274182558059692e-02,4.231644600629806519e+00,1.903591513633728027e+00
-8.326664119958877563e-01,1.342773199081420898e+00,8.661175251007080078e+00,-7.847469806671142578e+00,1.862354353070259094e-01,5.187988877296447754e-01,6.550980329513549805e+00,5.797531127929687500e+00
-8.118381649255752563e-01,2.044677495956420898e+00,5.574799060821533203e+00,-7.847469806671142578e+00,1.899948194622993469e-01,-9.155274182558059692e-02,9.277344733476638794e+00,8.432226181030273438e+00
-7.696628719568252563e-01,1.647948980331420898e+00,4.529095172882080078e+00,-7.847469806671142578e+00,1.971378400921821594e-01,1.617431640625000000e+00,5.363083839416503906e+00,6.437500476837158203e+00
-7.552929073572158813e-01,2.288818359375000000e+00,7.629203796386718750e+00,-7.847469806671142578e+00,2.244453504681587219e-01,2.700805664062500000e+00,-2.071371078491210938e-01,2.077679395675659180e+00
-6.853027492761611938e-01,5.691528320312500000e+00,-7.833003997802734375e+00,-7.847469806671142578e+00,2.603111341595649719e-01,2.471923828125000000e+00,-4.365538597106933594e+00,-2.102055311203002930e+00
-6.234016567468643188e-01,1.449584960937500000e+00,-6.041145324707031250e+00,-7.847469806671142578e+00,2.897052839398384094e-01,1.525878906250000000e+00,-4.339217185974121094e+00,-4.154032707214355469e+00
-5.965080410242080688e-01,2.380371093750000000e+00,-6.779098510742187500e+00,-7.847469806671142578e+00,3.138408735394477844e-01,1.312255859375000000e+00,-5.907057762145996094e+00,-5.660082340240478516e+00
-5.569915920495986938e-01,2.395629882812500000e+00,-1.019105911254882812e+01,-7.847469806671142578e+00,3.291397169232368469e-01,5.340576171875000000e-01,-3.353117942810058594e+00,-4.471568107604980469e+00
-5.261383205652236938e-01,1.876831054687500000e+00,-1.067600250244140625e+01,-7.847469806671142578e+00,3.377285078167915344e-01,7.019042968750000000e-01,-4.143141746520996094e+00,-3.852665662765502930e+00
-4.862270504236221313e-01,2.258300781250000000e+00,-1.336488723754882812e+01,-7.847469806671142578e+00,3.517360761761665344e-01,8.850097656250000000e-01,-5.635451316833496094e+00,-5.104993820190429688e+00
-4.588012844324111938e-01,1.510620117187500000e+00,-1.461515426635742188e+01,-7.847469806671142578e+00,3.593921735882759094e-01,3.967285156250000000e-01,-3.543471336364746094e+00,-4.212523937225341797e+00
-4.365387111902236938e-01,1.480102539062500000e+00,-1.362113952636718750e+01,-7.847469806671142578e+00,3.717308118939399719e-01,6.866455078125000000e-01,-5.988692283630371094e+00,-5.261296272277832031e+00
-4.149513393640518188e-01,7.781982421875000000e-01,-1.449899673461914062e+01,-7.847469806671142578e+00,3.773250654339790344e-01,3.356933593750000000e-01,-4.692076683044433594e+00,-5.319035053253173828e+00
-4.042797237634658813e-01,9.155273437500000000e-01,-1.350345611572265625e+01,-7.847469806671142578e+00,3.848609998822212219e-01,3.662109375000000000e-01,-4.977797508239746094e+00,-4.693622112274169922e+00
-3.863868862390518188e-01,8.697509765625000000e-01,-1.656112670898437500e+01,-7.847469806671142578e+00,3.899993970990180969e-01,1.831054687500000000e-01,-5.023955345153808594e+00,-4.835764884948730469e+00
-3.775024563074111938e-01,4.730224609375000000e-01,-1.666793820261955261e+01,-7.847469806671142578e+00,3.921566084027290344e-01,9.155273437500000000e-02,-3.976439476013183594e+00,-4.353684902191162109e+00
-3.712749630212783813e-01,6.561279296875000000e-01,-1.607475268840789795e+01,-7.847469806671142578e+00,3.924236372113227844e-01,0.000000000000000000e+00,-3.321455955505371094e+00,-3.535893201828002930e+00
-3.613433986902236938e-01,1.678466796875000000e-01,-1.670522677898406982e+01,-7.847469806671142578e+00,3.922195509076118469e-01,-9.155274182558059692e-02,-2.956389397382736206e+00,-2.886543989181518555e+00
-3.605384975671768188e-01,9.155274182558059692e-02,-1.620330800116062164e+01,-7.847469806671142578e+00,3.885002210736274719e-01,-3.356933891773223877e-01,-1.244734644889831543e+00,-1.932315111160278320e+00
-3.586712032556533813e-01,3.051759302616119385e-02,-1.655883792042732239e+01,-7.847469806671142578e+00,3.821525648236274719e-01,-4.272461235523223877e-01,3.540040291845798492e-01,-3.613677620887756348e-01
-3.586712032556533813e-01,0.000000000000000000e+00,-1.649780273437500000e+01,-7.847469806671142578e+00,3.754367902874946594e-01,-4.730224907398223877e-01,1.901245240122079849e+00,1.234160900115966797e+00
-3.586712032556533813e-01,0.000000000000000000e+00,-1.647949218750000000e+01,-7.847469806671142578e+00,3.713016584515571594e-01,-2.899170219898223877e-01,1.936340451240539551e+00,2.101965665817260742e+00
-3.586712032556533813e-01,0.000000000000000000e+00,-1.747808462381362915e+01,-7.847469806671142578e+00,3.626041486859321594e-01,-4.425049424171447754e-01,3.964615091681480408e+00,2.856937885284423828e+00
-3.590755611658096313e-01,-7.629395276308059692e-02,-1.805582050979137421e+01,-7.847469806671142578e+00,3.541221693158149719e-01,-5.645752549171447754e-01,5.585861384868621826e+00,5.232054710388183594e+00
-3.605632930994033813e-01,-1.373291164636611938e-01,-1.894073489308357239e+01,-7.847469806671142578e+00,3.465747907757759094e-01,-3.967285752296447754e-01,5.524444758892059326e+00,5.439010143280029297e+00
-3.623714596033096313e-01,-1.220703274011611938e-01,-1.859235766530036926e+01,-7.847469806671142578e+00,3.394146040081977844e-01,-3.967285752296447754e-01,6.475448787212371826e+00,5.754545688629150391e+00
-3.638210445642471313e-01,-4.577638208866119385e-02,-1.868705752491950989e+01,-7.847469806671142578e+00,3.336925581097602844e-01,-2.136231064796447754e-01,6.183624446392059326e+00,6.259499073028564453e+00
-3.652267605066299438e-01,-3.051759302616119385e-02,-1.938934329152107239e+01,-7.847469806671142578e+00,3.302650526165962219e-01,-1.983643174171447754e-01,6.058883786201477051e+00,6.189272880554199219e+00
-3.655624538660049438e-01,-1.525878999382257462e-02,-1.991653448157012463e+01,-7.847469806671142578e+00,3.286018446087837219e-01,-3.051763772964477539e-02,5.455398678779602051e+00,5.617059707641601562e+00
-3.658447414636611938e-01,0.000000000000000000e+00,-2.074823385477066040e+01,-7.847469806671142578e+00,3.280029371380805969e-01,0.000000000000000000e+00,4.423141360282897949e+00,4.498056411743164062e+00
-3.658447414636611938e-01,0.000000000000000000e+00,-2.223358166217803955e+01,-7.847469806671142578e+00,3.277587965130805969e-01,0.000000000000000000e+00,4.465103030204772949e+00,4.239037036895751953e+00
-3.658447414636611938e-01,0.000000000000000000e+00,-2.372236263751983643e+01,-7.847469806671142578e+00,3.277587965130805969e-01,0.000000000000000000e+00,3.784179568290710449e+00,3.800226211547851562e+00
-3.662204891443252563e-01,-1.525879185646772385e-02,-2.339944850839674473e+01,-7.847469806671142578e+00,3.277587965130805969e-01,0.000000000000000000e+00,3.530502200126647949e+00,3.754307985305786133e+00
-3.663330227136611938e-01,0.000000000000000000e+00,-2.371540072560310364e+01,-7.847469806671142578e+00,3.276996687054634094e-01,-1.525878999382257462e-02,3.094100836664438248e+00,3.336419105529785156e+00
-3.663330227136611938e-01,0.000000000000000000e+00,-2.453002935647964478e+01,-7.847469806671142578e+00,3.264427259564399719e-01,-9.155274182558059692e-02,3.590011507272720337e+00,3.522877931594848633e+00
-3.663330227136611938e-01,0.000000000000000000e+00,-2.494544988870620728e+01,-7.847469806671142578e+00,3.249836042523384094e-01,-1.068115308880805969e-01,3.705978304147720337e+00,3.441423416137695312e+00
-3.663330227136611938e-01,0.000000000000000000e+00,-2.513513571023941040e+01,-7.847469806671142578e+00,3.232173994183540344e-01,-1.220703199505805969e-01,3.938293367624282837e+00,4.243309497833251953e+00
-3.663330227136611938e-01,0.000000000000000000e+00,-2.551813131570816040e+01,-7.847469806671142578e+00,3.216018751263618469e-01,-7.629395276308059692e-02,3.871917635202407837e+00,3.834109544754028320e+00
-3.663330227136611938e-01,0.000000000000000000e+00,-2.605533605813980103e+01,-7.847469806671142578e+00,3.200550153851509094e-01,-9.155274182558059692e-02,4.417800933122634888e+00,4.241023540496826172e+00
-3.663330227136611938e-01,0.000000000000000000e+00,-2.683391577005386353e+01,-7.847469806671142578e+00,3.188457563519477844e-01,-7.629395276308059692e-02,4.349517837166786194e+00,4.776928424835205078e+00
-3.663330227136611938e-01,0.000000000000000000e+00,-2.693042761087417603e+01,-7.847469806671142578e+00,3.179931715130805969e-01,-3.051758557558059692e-02,4.393005397170782089e+00,4.336170673370361328e+00
-3.663330227136611938e-01,0.000000000000000000e+00,-2.682495117187500000e+01,-7.847469806671142578e+00,3.176212385296821594e-01,-1.525879185646772385e-02,4.346084602177143097e+00,4.337546825408935547e+00
-3.663330227136611938e-01,0.000000000000000000e+00,-2.682495117187500000e+01,-7.847469806671142578e+00,3.176269605755805969e-01,0.000000000000000000e+00,4.179000847041606903e+00,4.136441230773925781e+00
-3.663330227136611938e-01,0.000000000000000000e+00,-2.687988281250000000e+01,-7.847469806671142578e+00,3.176269605755805969e-01,0.000000000000000000e+00,4.272460937500000000e+00,4.350402355194091797e+00
-3.663330227136611938e-01,0.000000000000000000e+00,-2.691898346133530140e+01,-7.847469806671142578e+00,3.175258710980415344e-01,-1.525878999382257462e-02,4.329299930483102798e+00,4.222092628479003906e+00
-3.663330227136611938e-01,0.000000000000000000e+00,-2.689819335937500000e+01,-7.847469806671142578e+00,3.175048902630805969e-01,0.000000000000000000e+00,4.248046875000000000e+00,3.954271554946899414e+00
-3.663330227136611938e-01,0.000000000000000000e+00,-2.689819335937500000e+01,-7.847469806671142578e+00,3.175048902630805969e-01,0.000000000000000000e+00,4.248046875000000000e+00,4.230124950408935547e+00
-3.663330227136611938e-01,0.000000000000000000e+00,-2.689819335937500000e+01,-7.847469806671142578e+00,3.175048902630805969e-01,0.000000000000000000e+00,4.223632812500000000e+00,4.083999633789062500e+00
-3.663330227136611938e-01,0.000000000000000000e+00,-2.689819335937500000e+01,-7.847469806671142578e+00,3.175048902630805969e-01,0.000000000000000000e+00,4.223632812500000000e+00,4.181041240692138672e+00
-3.663330227136611938e-01,0.000000000000000000e+00,-2.694015503115952015e+01,-7.847469806671142578e+00,3.175048902630805969e-01,0.000000000000000000e+00,4.223632812500000000e+00,4.146755695343017578e+00
-3.663330227136611938e-01,0.000000000000000000e+00,-2.691650390625000000e+01,-7.847469806671142578e+00,3.175048902630805969e-01,0.000000000000000000e+00,4.148101802915334702e+00,4.093904495239257812e+00
-3.663330227136611938e-01,0.000000000000000000e+00,-2.691650390625000000e+01,-7.847469806671142578e+00,3.170166090130805969e-01,0.000000000000000000e+00,4.296875000000000000e+00,4.365947723388671875e+00
-3.663330227136611938e-01,0.000000000000000000e+00,-2.691650390625000000e+01,-7.847469806671142578e+00,3.166465833783149719e-01,-3.051758185029029846e-02,4.492950454354286194e+00,4.058331966400146484e+00
-3.663330227136611938e-01,0.000000000000000000e+00,-2.691650390625000000e+01,-7.847469806671142578e+00,3.165283277630805969e-01,0.000000000000000000e+00,4.394531250000000000e+00,4.487041473388671875e+00
-3.663330227136611938e-01,0.000000000000000000e+00,-2.691650390625000000e+01,-7.847469806671142578e+00,3.164062574505805969e-01,0.000000000000000000e+00,4.418945312500000000e+00,4.527490139007568359e+00
-3.663330227136611938e-01,0.000000000000000000e+00,-2.691650390625000000e+01,-7.847469806671142578e+00,3.164062574505805969e-01,0.000000000000000000e+00,4.418945312500000000e+00,4.344019412994384766e+00
-3.663330227136611938e-01,0.000000000000000000e+00,-2.691650390625000000e+01,-7.847469806671142578e+00,3.164062574505805969e-01,0.000000000000000000e+00,4.418945312500000000e+00,4.446562767028808594e+00
-3.663330227136611938e-01,0.000000000000000000e+00,-2.691650390625000000e+01,-7.847469806671142578e+00,3.164062574505805969e-01,0.000000000000000000e+00,4.418945312500000000e+00,4.316269397735595703e+00
-3.663330227136611938e-01,0.000000000000000000e+00,-2.691650390625000000e+01,-7.847469806671142578e+00,3.164062574505805969e-01,0.000000000000000000e+00,4.418945312500000000e+00,4.478666305541992188e+00
-3.663330227136611938e-01,0.000000000000000000e+00,-2.691650390625000000e+01,-7.847469806671142578e+00,3.164062574505805969e-01,0.000000000000000000e+00,4.418945312500000000e+00,4.244739055633544922e+00
-3.663330227136611938e-01,0.000000000000000000e+00,-2.691650390625000000e+01,-7.847469806671142578e+00,3.164062574505805969e-01,0.000000000000000000e+00,4.418945312500000000e+00,4.363785266876220703e+00
-3.663330227136611938e-01,0.000000000000000000e+00,-2.693481445312500000e+01,-7.847469806671142578e+00,3.164062574505805969e-01,0.000000000000000000e+00,4.418945312500000000e+00,4.248039722442626953e+00
-3.663330227136611938e-01,0.000000000000000000e+00,-2.693481445312500000e+01,-7.847469806671142578e+00,3.164062574505805969e-01,0.000000000000000000e+00,4.418945312500000000e+00,4.481389522552490234e+00
-3.663330227136611938e-01,0.000000000000000000e+00,-2.693481445312500000e+01,-7.847469806671142578e+00,3.164062574505805969e-01,0.000000000000000000e+00,4.394531250000000000e+00,4.454002380371093750e+00
-3.663330227136611938e-01,0.000000000000000000e+00,-2.693481445312500000e+01,-7.847469806671142578e+00,3.164062574505805969e-01,0.000000000000000000e+00,4.394531250000000000e+00,4.775439262390136719e+00
-3.663330227136611938e-01,0.000000000000000000e+00,-2.693481445312500000e+01,-7.847469806671142578e+00,3.164062574505805969e-01,0.000000000000000000e+00,4.394531250000000000e+00,4.368219852447509766e+00
-3.663330227136611938e-01,0.000000000000000000e+00,-2.693481445312500000e+01,-7.847469806671142578e+00,3.164062574505805969e-01,0.000000000000000000e+00,4.394531250000000000e+00,4.368559360504150391e+00
-3.663330227136611938e-01,0.000000000000000000e+00,-2.693481445312500000e+01,-7.847469806671142578e+00,3.164062574505805969e-01,0.000000000000000000e+00,4.394531250000000000e+00,4.428596496582031250e+00
-3.663330227136611938e-01,0.000000000000000000e+00,-2.693481445312500000e+01,-7.847469806671142578e+00,3.164062574505805969e-01,0.000000000000000000e+00,4.394531250000000000e+00,4.252722740173339844e+00
-3.663330227136611938e-01,0.000000000000000000e+00,-2.693481445312500000e+01,-7.847469806671142578e+00,3.164062574505805969e-01,0.000000000000000000e+00,4.394531250000000000e+00,4.366536140441894531e+00
-3.663330227136611938e-01,0.000000000000000000e+00,-2.693481445312500000e+01,-7.847469806671142578e+00,3.164062574505805969e-01,0.000000000000000000e+00,4.394531250000000000e+00,4.429768085479736328e+00
-3.663330227136611938e-01,0.000000000000000000e+00,-2.693481445312500000e+01,-7.847469806671142578e+00,3.164062574505805969e-01,0.000000000000000000e+00,4.394531250000000000e+00,4.429697513580322266e+00
-3.663330227136611938e-01,0.000000000000000000e+00,-2.693481445312500000e+01,-7.847469806671142578e+00,3.164062574505805969e-01,0.000000000000000000e+00,4.394531250000000000e+00,4.195952415466308594e+00
-3.663330227136611938e-01,0.000000000000000000e+00,-2.693481445312500000e+01,-7.847469806671142578e+00,3.164062574505805969e-01,0.000000000000000000e+00,4.394531250000000000e+00,4.164141654968261719e+00
-3.663330227136611938e-01,0.000000000000000000e+00,-2.693481445312500000e+01,-7.847469806671142578e+00,3.164062574505805969e-01,0.000000000000000000e+00,4.394531250000000000e+00,4.590028762817382812e+00
-3.663330227136611938e-01,0.000000000000000000e+00,-2.693481445312500000e+01,-7.847469806671142578e+00,3.164062574505805969e-01,0.000000000000000000e+00,4.394531250000000000e+00,4.403379440307617188e+00
-3.663330227136611938e-01,0.000000000000000000e+00,-2.693481445312500000e+01,-7.847469806671142578e+00,3.164062574505805969e-01,0.000000000000000000e+00,4.394531250000000000e+00,4.343276977539062500e+00
-3.663330227136611938e-01,0.000000000000000000e+00,-2.693481445312500000e+01,-7.847469806671142578e+00,3.164062574505805969e-01,0.000000000000000000e+00,4.394531250000000000e+00,4.371474266052246094e+00
-3.663330227136611938e-01,0.000000000000000000e+00,-2.695312500000000000e+01,-7.847469806671142578e+00,3.164062574505805969e-01,0.000000000000000000e+00,4.394531250000000000e+00,4.372945308685302734e+00
-3.663330227136611938e-01,0.000000000000000000e+00,-2.695312500000000000e+01,-7.847469806671142578e+00,3.164062574505805969e-01,0.000000000000000000e+00,4.394531250000000000e+00,4.270072460174560547e+00
-3.663330227136611938e-01,0.000000000000000000e+00,-2.695312500000000000e+01,-7.847469806671142578e+00,3.164062574505805969e-01,0.000000000000000000e+00,4.394531250000000000e+00,4.356395721435546875e+00
-3.663330227136611938e-01,0.000000000000000000e+00,-2.695312500000000000e+01,-7.847469806671142578e+00,3.164062574505805969e-01,0.000000000000000000e+00,4.370117187500000000e+00,4.431726932525634766e+00
-3.663330227136611938e-01,0.000000000000000000e+00,-2.695312500000000000e+01,-7.847469806671142578e+00,3.164062574505805969e-01,0.000000000000000000e+00,4.370117187500000000e+00,4.431983947753906250e+00
-3.663330227136611938e-01,0.000000000000000000e+00,-2.695312500000000000e+01,-7.847469806671142578e+00,3.164062574505805969e-01,0.000000000000000000e+00,4.370117187500000000e+00,4.431865692138671875e+00
-3.663330227136611938e-01,0.000000000000000000e+00,-2.695312500000000000e+01,-7.847469806671142578e+00,3.164062574505805969e-01,0.000000000000000000e+00,4.370117187500000000e+00,4.460820674896240234e+00
-3.663330227136611938e-01,0.000000000000000000e+00,-2.695312500000000000e+01,-7.847469806671142578e+00,3.164062574505805969e-01,0.000000000000000000e+00,4.370117187500000000e+00,4.432063579559326172e+00
-3.663330227136611938e-01,0.000000000000000000e+00,-2.695312500000000000e+01,-7.847469806671142578e+00,3.164062574505805969e-01,0.000000000000000000e+00,4.370117187500000000e+00,4.372296810150146484e+00
-3.663330227136611938e-01,0.000000000000000000e+00,-2.695312500000000000e+01,-7.847469806671142578e+00,3.164062574505805969e-01,0.000000000000000000e+00,4.370117187500000000e+00,4.285005092620849609e+00
-3.663330227136611938e-01,0.000000000000000000e+00,-2.695312500000000000e+01,-7.847469806671142578e+00,3.164062574505805969e-01,0.000000000000000000e+00,4.370117187500000000e+00,4.312728404998779297e+00
-3.663330227136611938e-01,0.000000000000000000e+00,-2.695312500000000000e+01,-7.847469806671142578e+00,3.164062574505805969e-01,0.000000000000000000e+00,4.370117187500000000e+00,4.502016544342041016e+00
-3.663330227136611938e-01,0.000000000000000000e+00,-2.695312500000000000e+01,-7.847469806671142578e+00,3.164062574505805969e-01,0.000000000000000000e+00,4.370117187500000000e+00,4.429513931274414062e+00
-3.663330227136611938e-01,0.000000000000000000e+00,-2.695312500000000000e+01,-7.847469806671142578e+00,3.164062574505805969e-01,0.000000000000000000e+00,4.370117187500000000e+00,4.283863067626953125e+00
-3.663330227136611938e-01,0.000000000000000000e+00,-2.695312500000000000e+01,-7.847469806671142578e+00,3.164062574505805969e-01,0.000000000000000000e+00,4.370117187500000000e+00,4.429518222808837891e+00
-3.663330227136611938e-01,0.000000000000000000e+00,-2.695312500000000000e+01,-7.847469806671142578e+00,3.164062574505805969e-01,0.000000000000000000e+00,4.370117187500000000e+00,4.312447071075439453e+00
-3.663330227136611938e-01,0.000000000000000000e+00,-2.695312500000000000e+01,-7.847469806671142578e+00,3.164062574505805969e-01,0.000000000000000000e+00,4.370117187500000000e+00,4.502285480499267578e+00
-3.663330227136611938e-01,0.000000000000000000e+00,-2.695312500000000000e+01,-7.847469806671142578e+00,3.164062574505805969e-01,0.000000000000000000e+00,4.370117187500000000e+00,4.299401760101318359e+00
-3.663330227136611938e-01,0.000000000000000000e+00,-2.695312500000000000e+01,-7.847469806671142578e+00,3.164062574505805969e-01,0.000000000000000000e+00,4.370117187500000000e+00,4.328772068023681641e+00
-3.663330227136611938e-01,0.000000000000000000e+00,-2.695312500000000000e+01,-7.847469806671142578e+00,3.164062574505805969e-01,0.000000000000000000e+00,4.370117187500000000e+00,4.316042900085449219e+00
-3.663330227136611938e-01,0.000000000000000000e+00,-2.695312500000000000e+01,-7.847469806671142578e+00,3.164062574505805969e-01,0.000000000000000000e+00,4.370117187500000000e+00,4.257784366607666016e+00
-3.663330227136611938e-01,0.000000000000000000e+00,-2.695312500000000000e+01,-7.847469806671142578e+00,3.164062574505805969e-01,0.000000000000000000e+00,4.370117187500000000e+00,4.695074081420898438e+00
-3.663330227136611938e-01,0.000000000000000000e+00,-2.695312500000000000e+01,-7.847469806671142578e+00,3.164062574505805969e-01,0.000000000000000000e+00,4.370117187500000000e+00,4.271400928497314453e+00
-3.663330227136611938e-01,0.000000000000000000e+00,-2.695312500000000000e+01,-7.847469806671142578e+00,3.164062574505805969e-01,0.000000000000000000e+00,4.370117187500000000e+00,4.316402435302734375e+00
-3.663330227136611938e-01,0.000000000000000000e+00,-2.695312500000000000e+01,-7.847469806671142578e+00,3.164062574505805969e-01,0.000000000000000000e+00,4.370117187500000000e+00,4.462583065032958984e+00
-3.663330227136611938e-01,0.000000000000000000e+00,-2.695312500000000000e+01,-7.847469806671142578e+00,3.164062574505805969e-01,0.000000000000000000e+00,4.370117187500000000e+00,4.524086475372314453e+00
-3.663330227136611938e-01,0.000000000000000000e+00,-2.695312500000000000e+01,-7.847469806671142578e+00,3.164062574505805969e-01,0.000000000000000000e+00,4.370117187500000000e+00,4.290943622589111328e+00
-3.663330227136611938e-01,0.000000000000000000e+00,-2.695312500000000000e+01,-7.847469806671142578e+00,3.164062574505805969e-01,0.000000000000000000e+00,4.370117187500000000e+00,4.319137573242187500e+00
-3.663330227136611938e-01,0.000000000000000000e+00,-2.695312500000000000e+01,-7.847469806671142578e+00,3.164062574505805969e-01,0.000000000000000000e+00,4.370117187500000000e+00,4.436506271362304688e+00
-3.663330227136611938e-01,0.000000000000000000e+00,-2.695312500000000000e+01,-7.847469806671142578e+00,3.164062574505805969e-01,0.000000000000000000e+00,4.370117187500000000e+00,4.463597774505615234e+00
-3.663330227136611938e-01,0.000000000000000000e+00,-2.695312500000000000e+01,-7.847469806671142578e+00,3.164062574505805969e-01,0.000000000000000000e+00,4.370117187500000000e+00,4.347222805023193359e+00
-3.663330227136611938e-01,0.000000000000000000e+00,-2.695312500000000000e+01,-7.847469806671142578e+00,3.164062574505805969e-01,0.000000000000000000e+00,4.370117187500000000e+00,4.201876640319824219e+00
-3.663330227136611938e-01,0.000000000000000000e+00,-2.695312500000000000e+01,-7.847469806671142578e+00,3.164062574505805969e-01,0.000000000000000000e+00,4.370117187500000000e+00,4.261639595031738281e+00
