# th1, dth1, tau1_cmd, tau1, th2, dth2, tau2_cmd, tau2
-6.708984365686774254e-01,0.000000000000000000e+00,-6.765557918697595596e+00,6.242155075073242188e+00,2.205219343304634094e-01,0.000000000000000000e+00,2.691650390625000000e+00,2.487664222717285156e+00
-6.708984365686774254e-01,0.000000000000000000e+00,-6.765557918697595596e+00,5.287784099578857422e+00,2.205219343304634094e-01,0.000000000000000000e+00,2.691650390625000000e+00,2.711657762527465820e+00
-6.708984365686774254e-01,0.000000000000000000e+00,-6.765557918697595596e+00,7.740877151489257812e+00,2.205219343304634094e-01,0.000000000000000000e+00,2.691650390625000000e+00,2.768433094024658203e+00
-6.708984365686774254e-01,0.000000000000000000e+00,-6.765557918697595596e+00,6.796228408813476562e+00,2.205219343304634094e-01,0.000000000000000000e+00,2.691650390625000000e+00,2.594132423400878906e+00
-6.708984365686774254e-01,0.000000000000000000e+00,-6.765557918697595596e+00,5.700979232788085938e+00,2.205219343304634094e-01,0.000000000000000000e+00,2.691650390625000000e+00,2.683194875717163086e+00
-6.708984365686774254e-01,0.000000000000000000e+00,-6.765557918697595596e+00,5.225593090057373047e+00,2.205219343304634094e-01,0.000000000000000000e+00,2.691650390625000000e+00,2.640269279479980469e+00
-6.708984365686774254e-01,0.000000000000000000e+00,-6.765557918697595596e+00,6.722364902496337891e+00,2.205219343304634094e-01,0.000000000000000000e+00,2.691650390625000000e+00,2.728641033172607422e+00
-6.708984365686774254e-01,0.000000000000000000e+00,-6.765557918697595596e+00,6.238737106323242188e+00,2.205219343304634094e-01,0.000000000000000000e+00,2.691650390625000000e+00,2.707074642181396484e+00
-6.708984365686774254e-01,0.000000000000000000e+00,-6.765557918697595596e+00,6.404915809631347656e+00,2.205219343304634094e-01,0.000000000000000000e+00,2.691650390625000000e+00,2.591319561004638672e+00
-6.708984365686774254e-01,0.000000000000000000e+00,-6.765557918697595596e+00,7.356107711791992188e+00,2.205219343304634094e-01,0.000000000000000000e+00,2.691650390625000000e+00,2.589587926864624023e+00
-6.708984365686774254e-01,0.000000000000000000e+00,-6.765557918697595596e+00,7.975416183471679688e+00,2.205219343304634094e-01,0.000000000000000000e+00,2.691650390625000000e+00,2.705558776855468750e+00
-6.708984365686774254e-01,0.000000000000000000e+00,-6.765557918697595596e+00,7.839802265167236328e+00,2.205219343304634094e-01,0.000000000000000000e+00,2.691650390625000000e+00,2.611661672592163086e+00
-6.708984365686774254e-01,0.000000000000000000e+00,-6.765557918697595596e+00,6.729089736938476562e+00,2.205219343304634094e-01,0.000000000000000000e+00,2.691650390625000000e+00,2.797032833099365234e+00
-6.708984365686774254e-01,0.000000000000000000e+00,-6.765557918697595596e+00,7.526992797851562500e+00,2.205219343304634094e-01,0.000000000000000000e+00,2.691650390625000000e+00,2.703247785568237305e+00
-6.708984365686774254e-01,0.000000000000000000e+00,-6.765557918697595596e+00,6.436371326446533203e+00,2.205219343304634094e-01,0.000000000000000000e+00,2.691650390625000000e+00,2.821298360824584961e+00
-6.708984365686774254e-01,0.000000000000000000e+00,-6.765557918697595596e+00,6.872296810150146484e+00,2.205219343304634094e-01,0.000000000000000000e+00,2.691650390625000000e+00,2.590609073638916016e+00
-6.708984365686774254e-01,0.000000000000000000e+00,-6.706811578944325447e+00,7.287855625152587891e+00,2.205219343304634094e-01,0.000000000000000000e+00,2.691650390625000000e+00,2.727678060531616211e+00
-6.708984365686774254e-01,0.000000000000000000e+00,-6.728936824947595596e+00,7.445741653442382812e+00,2.205219343304634094e-01,0.000000000000000000e+00,2.691650390625000000e+00,2.719712972640991211e+00
-6.708984365686774254e-01,0.000000000000000000e+00,-6.716729793697595596e+00,6.552692890167236328e+00,2.205219343304634094e-01,0.000000000000000000e+00,2.691650390625000000e+00,2.625656604766845703e+00
-6.708984365686774254e-01,0.000000000000000000e+00,-6.636239673942327499e+00,7.118122100830078125e+00,2.205219343304634094e-01,0.000000000000000000e+00,2.691650390625000000e+00,2.823018789291381836e+00
-6.708984365686774254e-01,0.000000000000000000e+00,-6.646157892420887947e+00,6.495369911193847656e+00,2.205219343304634094e-01,0.000000000000000000e+00,2.691650390625000000e+00,2.822447061538696289e+00
-6.708984365686774254e-01,0.000000000000000000e+00,-6.543924000114202499e+00,5.937920093536376953e+00,2.205219343304634094e-01,0.000000000000000000e+00,2.691650390625000000e+00,2.567069053649902344e+00
-6.708984365686774254e-01,0.000000000000000000e+00,-6.557847650721669197e+00,5.383773803710937500e+00,2.205219343304634094e-01,0.000000000000000000e+00,2.691650390625000000e+00,2.797977685928344727e+00
-6.708984365686774254e-01,0.000000000000000000e+00,-6.558038387447595596e+00,7.284232139587402344e+00,2.205219343304634094e-01,0.000000000000000000e+00,2.691650390625000000e+00,2.566970586776733398e+00
-6.708984365686774254e-01,0.000000000000000000e+00,-6.506539972499012947e+00,5.329914093017578125e+00,2.205219343304634094e-01,0.000000000000000000e+00,2.691650390625000000e+00,2.798794746398925781e+00
-6.708984365686774254e-01,0.000000000000000000e+00,-6.497193964198231697e+00,7.537310123443603516e+00,2.205219343304634094e-01,0.000000000000000000e+00,2.691650390625000000e+00,2.567618131637573242e+00
-6.708984365686774254e-01,0.000000000000000000e+00,-6.386377003043889999e+00,6.181410789489746094e+00,2.205219343304634094e-01,0.000000000000000000e+00,2.691650390625000000e+00,2.771035909652709961e+00
-6.708984365686774254e-01,0.000000000000000000e+00,-6.435968074947595596e+00,6.108731269836425781e+00,2.205219343304634094e-01,0.000000000000000000e+00,2.691650390625000000e+00,2.706912040710449219e+00
-6.708984365686774254e-01,0.000000000000000000e+00,-6.325151104480028152e+00,7.516689777374267578e+00,2.205219343304634094e-01,0.000000000000000000e+00,2.691650390625000000e+00,2.591602087020874023e+00
-6.708984365686774254e-01,0.000000000000000000e+00,-6.374932918697595596e+00,5.475242614746093750e+00,2.205219343304634094e-01,0.000000000000000000e+00,2.691650390625000000e+00,2.835370779037475586e+00
-6.708984365686774254e-01,0.000000000000000000e+00,-6.259156849235296249e+00,7.363678932189941406e+00,2.205219343304634094e-01,0.000000000000000000e+00,2.691650390625000000e+00,2.727699756622314453e+00
-6.708984365686774254e-01,0.000000000000000000e+00,-6.307794244959950447e+00,5.164354324340820312e+00,2.205219343304634094e-01,0.000000000000000000e+00,2.750587466172873974e+00,2.797754526138305664e+00
-6.708984365686774254e-01,0.000000000000000000e+00,-6.018258694559335709e+00,6.560773849487304688e+00,2.205219343304634094e-01,0.000000000000000000e+00,2.864742290228605270e+00,2.821946382522583008e+00
-6.708984365686774254e-01,0.000000000000000000e+00,-5.861093167215585709e+00,6.406451225280761719e+00,2.205219343304634094e-01,0.000000000000000000e+00,3.087902080267667770e+00,2.958579063415527344e+00
-6.708984365686774254e-01,0.000000000000000000e+00,-5.536843899637460709e+00,4.967397212982177734e+00,2.205219343304634094e-01,0.000000000000000000e+00,3.309059165418148041e+00,3.224066257476806641e+00
-6.708984365686774254e-01,0.000000000000000000e+00,-4.891969297081232071e+00,5.683816432952880859e+00,2.205219343304634094e-01,0.000000000000000000e+00,3.875541731715202332e+00,3.602383375167846680e+00
-6.708984365686774254e-01,0.000000000000000000e+00,-3.005029235035181046e+00,2.091645240783691406e+00,2.206020429730415344e-01,1.525878999382257462e-02,5.066013422794640064e+00,4.662204742431640625e+00
-6.680946340784430504e-01,3.356933891773223877e-01,-2.642633054405450821e+00,9.353120326995849609e-01,2.213516309857368469e-01,9.155274182558059692e-02,6.083965368568897247e+00,5.633148670196533203e+00
-6.636657705530524254e-01,1.831054985523223877e-01,-2.989961240440607071e+00,4.969249248504638672e+00,2.233867719769477844e-01,1.373291164636611938e-01,7.684993878006935120e+00,7.085068702697753906e+00
-6.586132040247321129e-01,4.272461235523223877e-01,-4.921099916100502014e-02,-3.020870685577392578e-02,2.272949293255805969e-01,2.288818657398223877e-01,8.717537015676498413e+00,8.388750076293945312e+00
-6.385211935266852379e-01,2.090454339981079102e+00,-2.436448965221643448e+00,1.308347702026367188e+00,2.327079847455024719e-01,3.509521782398223877e-01,1.018409755825996399e+01,9.918079376220703125e+00
-6.190299978479743004e-01,6.103539466857910156e-02,3.153608407825231552e+00,-2.480553388595581055e+00,2.422351911664009094e-01,6.561279892921447754e-01,1.097517031431198120e+01,1.056093120574951172e+01
-6.057033529505133629e-01,2.059936761856079102e+00,-6.313506141304969788e-02,7.665193080902099609e-01,2.568473890423774719e-01,9.765626192092895508e-01,9.459686279296875000e+00,1.005720424652099609e+01
-5.747966757044196129e-01,9.155275821685791016e-01,3.360174503177404404e+00,-2.635051727294921875e+00,2.727775648236274719e-01,1.098632931709289551e+00,9.465122222900390625e+00,9.445962905883789062e+00
-5.522117605432868004e-01,1.800537347793579102e+00,1.424978580325841904e+00,-1.943557143211364746e+00,2.913436964154243469e-01,1.098632931709289551e+00,8.628273010253906250e+00,8.729034423828125000e+00
-5.323467245325446129e-01,1.159668207168579102e+00,4.327200260013341904e+00,-3.052128314971923828e+00,3.123550489544868469e-01,1.205444455146789551e+00,7.036399841308593750e+00,7.093420982360839844e+00
-5.015525808557868004e-01,2.471924066543579102e+00,1.034544315189123154e+00,-1.657348871231079102e+00,3.307991102337837219e-01,1.113891720771789551e+00,6.736564636230468750e+00,7.413699626922607422e+00
-4.790458669885993004e-01,7.019045352935791016e-01,6.740187015384435654e+00,-6.663555145263671875e+00,3.514385297894477844e-01,1.174926877021789551e+00,5.680274963378906250e+00,6.008288860321044922e+00
-4.413948049768805504e-01,2.899170160293579102e+00,1.203535404056310654e+00,-2.779998064041137695e+00,3.700904920697212219e-01,1.251220822334289551e+00,3.917884826660156250e+00,4.561086177825927734e+00
-4.195308675989508629e-01,4.577639102935791016e-01,5.798910465091466904e+00,-5.349180221557617188e+00,3.852081373333930969e-01,7.629395723342895508e-01,4.373359680175781250e+00,4.058215618133544922e+00
-3.815097799524664879e-01,3.417968988418579102e+00,-3.665939904749393463e-01,-1.806174993515014648e+00,3.994598463177680969e-01,6.103516817092895508e-01,4.010295867919921875e+00,3.418694972991943359e+00
-3.596115102991461754e-01,6.713869571685791016e-01,3.882978763431310654e+00,-3.678145647048950195e+00,4.075050428509712219e-01,1.525880098342895508e-01,5.191612243652343750e+00,5.315697669982910156e+00
-3.333454122766852379e-01,2.426147699356079102e+00,-2.973572351038455963e-01,-1.736815929412841797e+00,4.139633253216743469e-01,2.593995332717895508e-01,4.442596435546875000e+00,4.867143630981445312e+00
-3.171463003382086754e-01,3.051781654357910156e-02,4.966543521732091904e+00,-4.697285652160644531e+00,4.167060926556587219e-01,4.577648639678955078e-02,5.509471893310546875e+00,5.098954677581787109e+00
-2.931270590052008629e-01,2.471924066543579102e+00,-1.989175472408533096e+00,4.871574640274047852e-01,4.179096296429634094e-01,0.000000000000000000e+00,5.056286215782165527e+00,5.244493484497070312e+00
-2.815151205286383629e-01,1.525902654975652695e-02,1.156423892825841904e+00,-6.438624262809753418e-01,4.195232465863227844e-01,0.000000000000000000e+00,4.833698630332946777e+00,5.070178985595703125e+00
-2.802276602014899254e-01,6.408692002296447754e-01,-3.341691829264163971e-01,-9.442597627639770508e-02,4.191093519330024719e-01,-7.629395276308059692e-02,5.029392264783382416e+00,5.087889194488525391e+00
-2.724075308069586754e-01,-1.525879055261611938e-01,1.945479772984981537e-01,2.161723971366882324e-01,4.188938215374946594e-01,-1.373291164636611938e-01,5.244827315211296082e+00,5.530225276947021484e+00
-2.762622823938727379e-01,-4.577639698982238770e-02,-5.723969079554080963e-01,7.150751948356628418e-01,4.176979139447212219e-01,-6.103516370058059692e-02,5.106353779323399067e+00,5.289067745208740234e+00
-2.764720907434821129e-01,-1.831054836511611938e-01,-1.978875879198312759e+00,1.290454149246215820e+00,4.177246168255805969e-01,0.000000000000000000e+00,2.830982118844985962e+00,3.708956956863403320e+00
-2.903480520471930504e-01,-9.155274033546447754e-01,-2.729608330875635147e+00,1.643829107284545898e+00,4.158954694867134094e-01,-1.983642727136611938e-01,1.541805133223533630e+00,2.274193286895751953e+00
-3.081531515344977379e-01,-6.866456270217895508e-01,-4.955484066158533096e+00,5.424003124237060547e+00,4.114856794476509094e-01,-7.629397511482238770e-02,-2.486229836940765381e-01,6.448161005973815918e-01
-3.100299825891852379e-01,0.000000000000000000e+00,-9.298135910183191299e+00,9.082648277282714844e+00,4.088211134076118469e-01,-1.220703423023223877e-01,-3.248119622468948364e+00,-1.275434613227844238e+00
-3.185558309778571129e-01,-1.052856564521789551e+00,-1.300277892127633095e+01,1.444876098632812500e+01,4.045562818646430969e-01,-2.593994438648223877e-01,-5.562401086091995239e+00,-6.050748825073242188e+00
-3.399238577112555504e-01,-1.144409298896789551e+00,-1.468486968055367470e+01,1.513140869140625000e+01,4.014148786664009094e-01,-2.746582329273223877e-01,-8.737850457429885864e+00,-8.316348075866699219e+00
-3.524169912561774254e-01,-9.460450410842895508e-01,-2.038650694862008095e+01,2.029434776306152344e+01,3.925342634320259094e-01,-6.866455674171447754e-01,-1.004447954893112183e+01,-9.461807250976562500e+00
-3.814220419153571129e-01,-1.968384027481079102e+00,-2.266273656859993935e+01,2.459528350830078125e+01,3.814525678753852844e-01,-6.408692002296447754e-01,-1.354351061582565308e+01,-1.288904190063476562e+01
-4.063434591516852379e-01,-1.831054925918579102e+00,-2.811565605178475380e+01,2.766681098937988281e+01,3.652572706341743469e-01,-1.007080197334289551e+00,-1.566753423213958740e+01,-1.506071758270263672e+01
-4.453506460413336754e-01,-2.502441644668579102e+00,-3.143596855178475380e+01,3.147418594360351562e+01,3.463420942425727844e-01,-1.312255978584289551e+00,-1.819496190547943115e+01,-1.716577339172363281e+01
-4.886856069788336754e-01,-3.005981683731079102e+00,-3.300647941604256630e+01,3.419192886352539062e+01,3.198432996869087219e-01,-1.678466916084289551e+00,-1.969842946529388428e+01,-1.917274665832519531e+01
-5.423183431848883629e-01,-4.043579578399658203e+00,-3.122234502807259560e+01,3.191411018371582031e+01,2.871856763958930969e-01,-1.968384027481079102e+00,-2.029724121093750000e+01,-2.036119079589843750e+01
-6.138191213831305504e-01,-4.943848133087158203e+00,-2.034702459350228310e+01,1.977291297912597656e+01,2.451324537396430969e-01,-2.868652582168579102e+00,-8.135032653808593750e+00,-1.111513900756835938e+01
-6.926803579553961754e-01,-5.798340320587158203e+00,-3.211986161768436432e-01,1.624222636222839355e+00,1.933269575238227844e-01,-3.204345941543579102e+00,-1.150131225585937500e-01,-1.776263236999511719e+00
-7.593326559290289879e-01,-2.746582508087158203e+00,-4.353333625942468643e+00,3.596269369125366211e+00,1.329803541302680969e-01,-3.524780511856079102e+00,1.078291015326976776e+01,5.003842830657958984e+00
-7.911930074915289879e-01,1.678466439247131348e+00,-9.167672548443078995e+00,8.857364654541015625e+00,1.306438520550727844e-01,-9.155276417732238770e-02,6.437303423881530762e-01,4.072129726409912109e+00
-7.516403188928961754e-01,5.035400390625000000e-01,-1.115722862444818020e+01,9.321700096130371094e+00,1.266422346234321594e-01,-8.087158799171447754e-01,4.583072930574417114e+00,3.231220006942749023e+00
-7.678451528772711754e-01,-1.449585080146789551e+00,-5.634309206157922745e+00,5.692729473114013672e+00,1.232395246624946594e-01,-3.051757998764514923e-02,2.688503315672278404e+00,3.789595365524291992e+00
-7.731285085901618004e-01,3.662108480930328369e-01,-9.016992080956697464e+00,8.617321014404296875e+00,1.209468916058540344e-01,3.509521484375000000e-01,1.532936138100922108e+00,1.534605503082275391e+00
-7.801399221643805504e-01,-1.037597775459289551e+00,-5.362130556255578995e+00,6.439725875854492188e+00,1.355056837201118469e-01,5.645751953125000000e-01,-1.142978648655116558e+00,1.961977481842041016e-01
-7.889137258753180504e-01,-4.577648639678955078e-02,-6.481171999126672745e+00,5.205835342407226562e+00,1.474971845746040344e-01,8.850097656250000000e-01,-3.764533985406160355e+00,-2.966912984848022461e+00
-8.035030355677008629e-01,-1.419067502021789551e+00,-2.272988710552453995e+00,1.585775852203369141e+00,1.608676984906196594e-01,4.882812500000000000e-01,-4.693222045898437500e+00,-4.475476741790771484e+00
-8.124256124719977379e-01,1.068115308880805969e-01,-4.432489085942506790e+00,2.863107681274414062e+00,1.708831861615180969e-01,7.934570312500000000e-01,-7.111072540283203125e+00,-5.760998725891113281e+00
-8.197345724329352379e-01,-1.251220703125000000e+00,-9.855286218225955963e-01,9.010102748870849609e-01,1.793766096234321594e-01,2.899169921875000000e-01,-6.902217864990234375e+00,-7.254966259002685547e+00
-8.265399923548102379e-01,2.288818508386611938e-01,-3.081132587045431137e+00,2.207506895065307617e+00,1.840362623333930969e-01,2.593994140625000000e-01,-7.527923583984375000e+00,-7.159396648406982422e+00
-8.284301748499274254e-01,-2.593994736671447754e-01,-1.887895133346319199e+00,4.260466575622558594e+00,1.858024671673774719e-01,2.746582329273223877e-01,-8.018016915768384933e+00,-9.147121429443359375e+00
-7.733173361048102379e-01,4.653931140899658203e+00,-1.716060890629887581e+01,1.682786369323730469e+01,2.105732038617134094e-01,2.227783441543579102e+00,-1.752376628201454878e+01,-1.415313720703125000e+01
-7.493152609094977379e-01,-5.340571999549865723e-01,-9.206202061846852303e+00,8.105100631713867188e+00,2.234573438763618469e-01,4.272463321685791016e-01,-1.405448985099792480e+01,-1.444126033782958984e+01
-7.444953909143805504e-01,3.967285752296447754e-01,-1.153373888321220875e+01,1.240355014801025391e+01,2.217655256390571594e-01,2.593994438648223877e-01,-1.331548699736595154e+01,-1.366619777679443359e+01
-7.371883383020758629e-01,1.525879025459289551e+00,-1.448841276578605175e+01,1.289498710632324219e+01,2.310848310589790344e-01,4.425049424171447754e-01,-1.546726245805621147e+01,-1.491559696197509766e+01
-7.427444448694586754e-01,-1.083374142646789551e+00,-4.368973884731531143e+00,4.399604797363281250e+00,2.288951948285102844e-01,-2.593994438648223877e-01,-5.064295917749404907e+00,-7.311746597290039062e+00
-7.241592397913336754e-01,1.251220822334289551e+00,1.869391527026891708e+00,-9.695506691932678223e-01,2.296772077679634094e-01,-1.525878999382257462e-02,4.450608017854392529e+00,4.311855435371398926e-01
-7.100448599085211754e-01,1.647949337959289551e+00,5.985831346362829208e+00,-6.090841770172119141e+00,2.317600324749946594e-01,-1.525879055261611938e-01,8.773613736033439636e+00,7.138905048370361328e+00
-6.781520834192633629e-01,2.319336175918579102e+00,4.932593192905187607e+00,-6.896488189697265625e+00,2.381668165326118469e-01,7.324219346046447754e-01,9.856224596500396729e+00,9.767827987670898438e+00
-6.391963949427008629e-01,2.243042230606079102e+00,4.858015861362218857e+00,-4.900495052337646484e+00,2.536926344037055969e-01,1.190185666084289551e+00,7.362556815147399902e+00,8.549441337585449219e+00
-5.952167501673102379e-01,3.204345941543579102e+00,2.498434867709875107e+00,-2.998582839965820312e+00,2.661495283246040344e-01,3.814698457717895508e-01,1.045761144161224365e+01,9.800170898437500000e+00
-5.439853658899664879e-01,2.761841058731079102e+00,7.459629438817501068e-01,-2.858095169067382812e-01,2.825050428509712219e-01,1.205444455146789551e+00,5.854225516319274902e+00,7.326041698455810547e+00
-4.991817465052008629e-01,2.944946527481079102e+00,-7.633220292627811432e-01,2.711419463157653809e-01,2.962398603558540344e-01,7.171632051467895508e-01,6.647587180137634277e+00,6.453273773193359375e+00
-4.616737356409430504e-01,1.556396722793579102e+00,4.410361137241125107e+00,-2.863431930541992188e+00,3.124637678265571594e-01,1.052856564521789551e+00,7.559109091758728027e+00,7.758163452148437500e+00
-4.149951925501227379e-01,3.662109613418579102e+00,-5.647670365869998932e-01,-5.699555873870849609e-01,3.256206586956977844e-01,5.798341035842895508e-01,9.415054678916931152e+00,9.085791587829589844e+00
-3.902358999475836754e-01,3.814699649810791016e-01,7.069777335971593857e+00,-5.301723957061767578e+00,3.418827131390571594e-01,1.068115353584289551e+00,7.670116782188415527e+00,8.464808464050292969e+00
-3.513946523889899254e-01,4.333496570587158203e+00,-8.003250695765018463e-01,-1.039962887763977051e+00,3.569889143109321594e-01,8.239747285842895508e-01,7.464409232139587402e+00,7.363254547119140625e+00
-3.258304586634039879e-01,3.051805496215820312e-02,1.112766107544302940e+01,-1.003727149963378906e+01,3.750991895794868469e-01,6.408692598342895508e-01,6.625843405723571777e+00,6.958362102508544922e+00
-2.812232961878180504e-01,4.226685047149658203e+00,2.780898474156856537e-01,-1.255016207695007324e+00,3.890247419476509094e-01,8.850098848342895508e-01,4.462051749229431152e+00,6.900256633758544922e+00
-2.542228689417243004e-01,3.051805496215820312e-02,9.818647708743810654e+00,-8.512789726257324219e+00,4.025859907269477844e-01,5.950928926467895508e-01,3.998279929161071777e+00,4.715536117553710938e+00
-2.071743002161383629e-01,3.753662586212158203e+00,-1.094833947718143463e-01,-1.378653526306152344e+00,4.143982008099555969e-01,6.713868379592895508e-01,2.397823691368103027e+00,2.991817712783813477e+00
-1.740150442346930504e-01,7.476811408996582031e-01,6.636999454349279404e+00,-4.527632713317871094e+00,4.201660230755805969e-01,2.136231660842895508e-01,3.272438406944274902e+00,2.598866224288940430e+00
-1.416110983118414879e-01,4.013062000274658203e+00,-2.564240898936986923e+00,8.672249317169189453e-02,4.250106886029243469e-01,1.678467392921447754e-01,2.687931597232818604e+00,2.324660539627075195e+00
-9.989356901496648788e-02,4.425053596496582031e-01,2.027510385960340500e+00,-6.120533943176269531e-01,4.240150526165962219e-01,-3.662109375000000000e-01,4.229450225830078125e+00,3.770179033279418945e+00
-8.504295255988836288e-02,2.044678211212158203e+00,-2.429963368922472000e+00,5.971722602844238281e-01,4.228935316205024719e-01,-3.509521782398223877e-01,4.274654469452798367e+00,4.217796325683593750e+00
-6.427001859992742538e-02,9.155321121215820312e-02,-8.512509055435657501e-01,1.388074636459350586e+00,4.153690412640571594e-01,-3.204346299171447754e-01,3.992557615041732788e+00,4.199185371398925781e+00
-6.885147001594305038e-02,7.629395276308059692e-02,-1.121331516653299332e+00,1.573749780654907227e+00,4.076614454388618469e-01,-6.103516221046447754e-01,4.744720548391342163e+00,4.599677562713623047e+00
-6.777572538703680038e-02,7.629396021366119385e-02,-2.765275407582521439e+00,2.315200567245483398e+00,3.975009992718696594e-01,-6.103516221046447754e-01,4.799079895019531250e+00,4.763099193572998047e+00
-8.554458525031805038e-02,-1.480102658271789551e+00,-3.808987326920032501e-01,1.544980645179748535e+00,3.869400098919868469e-01,-5.645752549171447754e-01,4.924964904785156250e+00,5.054692745208740234e+00
-9.918594267219305038e-02,-3.204346895217895508e-01,-4.865266103297472000e+00,3.959586381912231445e+00,3.816165998578071594e-01,-2.593994736671447754e-01,3.444385528564453125e+00,3.938022613525390625e+00
-1.231918325647711754e-01,-2.716064691543579102e+00,-1.595879811793565750e+00,2.198601484298706055e+00,3.778896406292915344e-01,-2.441406846046447754e-01,2.042198181152343750e+00,2.770928382873535156e+00
-1.393280019983649254e-01,6.713867783546447754e-01,-1.270141819491982460e+01,1.221284961700439453e+01,3.726692274212837219e-01,-2.593994736671447754e-01,9.335517883300781250e-01,1.343564271926879883e+00
-1.425895681604743004e-01,-1.235961914062500000e+00,-1.279792991653084755e+01,1.382298660278320312e+01,3.714046552777290344e-01,1.525873225182294846e-02,-1.992988594807684422e+00,-7.275553345680236816e-01
-1.543483724817633629e-01,-4.882812500000000000e-01,-1.872120109573006630e+01,1.942606163024902344e+01,3.711547926068305969e-01,-6.103515997529029846e-02,-3.678989578038454056e+00,-3.575922012329101562e+00
-1.796894064173102379e-01,-1.678466796875000000e+00,-2.076988426223397255e+01,2.059718513488769531e+01,3.675232008099555969e-01,-2.441406548023223877e-01,-5.015373319387435913e+00,-4.774758815765380859e+00
-1.987533560022711754e-01,-1.632690429687500000e+00,-2.453384605422616005e+01,2.433619308471679688e+01,3.604202345013618469e-01,-6.103516221046447754e-01,-5.470276057720184326e+00,-5.643431663513183594e+00
-2.311477651819586754e-01,-1.907348632812500000e+00,-2.716903892531991005e+01,2.696129417419433594e+01,3.513012006878852844e-01,-6.256104111671447754e-01,-6.847572505474090576e+00,-6.305902481079101562e+00
-2.653560629114508629e-01,-2.670288085937500000e+00,-2.831096902862191200e+01,2.829380607604980469e+01,3.364410474896430969e-01,-1.022338986396789551e+00,-5.994701385498046875e+00,-5.930031299591064453e+00
-3.084564199671149254e-01,-2.639770507812500000e+00,-3.107147470489144325e+01,3.020556640625000000e+01,3.193264082074165344e-01,-1.159668087959289551e+00,-6.556606292724609375e+00,-6.735357284545898438e+00
-3.638381948694586754e-01,-3.143310546875000000e+00,-3.055095926299691200e+01,3.091004753112792969e+01,2.955093458294868469e-01,-1.602172970771789551e+00,-5.385303497314453125e+00,-6.013400554656982422e+00
-4.291496267542243004e-01,-4.104614257812500000e+00,-2.963829294219613075e+01,2.786867332458496094e+01,2.634391859173774719e-01,-2.151489496231079102e+00,-3.628348946571350098e+00,-4.151173114776611328e+00
-5.026741018518805504e-01,-4.806518554687500000e+00,-2.575359598174691200e+01,2.484941864013671875e+01,2.279453352093696594e-01,-2.639770746231079102e+00,-1.791572213172912598e+00,-2.267239332199096680e+00
-5.864467611536383629e-01,-5.706787109375000000e+00,-2.045402780547738075e+01,2.015157699584960938e+01,1.820736005902290344e-01,-2.990722894668579102e+00,2.403259634971618652e+00,1.039936065673828125e+00
-6.972789755091071129e-01,-7.019042968750000000e+00,-8.028605137020349503e+00,7.960887908935546875e+00,1.262474134564399719e-01,-3.433227777481079102e+00,9.966087698936462402e+00,7.460123538970947266e+00
-7.743778219446539879e-01,-2.441406250000000000e-01,-1.023922112956643105e+01,1.113468837738037109e+01,1.045265272259712219e-01,1.113891601562500000e+00,1.933478951454162598e+00,4.875978946685791016e+00
-7.328319540247321129e-01,3.814702033996582031e-01,-1.104545823112130165e+01,9.926654815673828125e+00,1.080761030316352844e-01,3.662110567092895508e-01,3.900718342512845993e+00,2.112463712692260742e+00
-7.597351064905524254e-01,-1.556396603584289551e+00,-5.723763618618249893e+00,4.880549430847167969e+00,1.149711683392524719e-01,6.713867783546447754e-01,3.324508577585220337e+00,3.834775924682617188e+00
-7.874679556116461754e-01,-1.235962152481079102e+00,-2.501679334789514542e+00,1.965027213096618652e+00,1.284351423382759094e-01,1.373291134834289551e+00,9.040805697441101074e-02,9.749069213867187500e-01
-7.843532552942633629e-01,2.136228680610656738e-01,-6.398964915424585342e+00,5.939071178436279297e+00,1.513423994183540344e-01,1.556396603584289551e+00,-2.775764644145965576e+00,-1.549492716789245605e+00
-8.083820333704352379e-01,-2.090454339981079102e+00,9.258261583745479584e-01,2.868672907352447510e-01,1.753635480999946594e-01,1.174926877021789551e+00,-4.719257533550262451e+00,-4.410435199737548828e+00
-8.132419576868414879e-01,6.103516817092895508e-01,-4.201127920299768448e+00,1.158782005310058594e+00,1.893062666058540344e-01,7.629395723342895508e-01,-5.367279231548309326e+00,-5.729091167449951172e+00
-8.366661062464118004e-01,-2.197265863418579102e+00,3.795050470158457756e+00,-2.093571662902832031e+00,2.057190015912055969e-01,1.251220822334289551e+00,-8.545017421245574951e+00,-7.746554374694824219e+00
-8.375930776819586754e-01,1.602172970771789551e+00,-3.926088277250528336e+00,1.920361638069152832e+00,2.124576643109321594e-01,-1.525879055261611938e-01,-5.188178792595863342e+00,-6.546367168426513672e+00
-8.375453939661383629e-01,-1.815795898437500000e+00,2.714346226304769516e+00,-1.297520756721496582e+00,2.180843427777290344e-01,4.882813096046447754e-01,-8.028602600097656250e+00,-7.171852588653564453e+00
-8.489055624231696129e-01,7.934570908546447754e-01,-1.254464898258447647e+00,1.047950744628906250e+00,2.194786146283149719e-01,-2.136230170726776123e-01,-5.932903200387954712e+00,-6.435843467712402344e+00
-8.379058828577399254e-01,-5.340576767921447754e-01,3.494248092174530029e-01,-1.863921433687210083e-02,2.131328657269477844e-01,-1.525878906250000000e-01,-4.890918709337711334e+00,-5.494468688964843750e+00
-8.107910146936774254e-01,4.516602039337158203e+00,-2.429392013698816299e+00,2.707276582717895508e+00,2.171421125531196594e-01,0.000000000000000000e+00,4.668045759201049805e+00,4.715878367424011230e-01
-7.201480856165289879e-01,4.653931140899658203e+00,3.208349552005529404e+00,-2.536647796630859375e+00,2.110614851117134094e-01,-6.408692002296447754e-01,1.984291237592697144e+01,1.542979145050048828e+01
-6.578102102503180504e-01,3.494263172149658203e+00,3.570555057376623154e+00,-2.617296695709228516e+00,2.282638624310493469e-01,1.892090082168579102e+00,1.430311274528503418e+01,1.541737270355224609e+01
-5.874309530481696129e-01,3.784180164337158203e+00,-1.417161617428064346e+00,-3.702147901058197021e-01,2.421588972210884094e-01,1.678469181060791016e-01,2.178039622306823730e+01,1.939392471313476562e+01
-5.347576132044196129e-01,2.380371570587158203e+00,2.134703006595373154e+00,-3.528112888336181641e+00,2.667179182171821594e-01,1.998901605606079102e+00,1.499433588981628418e+01,1.721862792968750000e+01
-4.787559499964118004e-01,4.333496570587158203e+00,-3.708840999752283096e+00,1.080481529235839844e+00,2.928028181195259094e-01,1.480102777481079102e+00,1.542949748039245605e+01,1.497640514373779297e+01
-4.280376425012946129e-01,1.663208484649658203e+00,-3.314987756311893463e-01,1.094226002693176270e+00,3.283176496624946594e-01,2.288818597793579102e+00,8.952999830245971680e+00,1.084050941467285156e+01
-3.798618307337164879e-01,3.173828601837158203e+00,-4.320718441158533096e+00,4.818435668945312500e+00,3.600692823529243469e-01,1.861572504043579102e+00,6.049919843673706055e+00,6.544458389282226562e+00
-3.533515920862555504e-01,9.002690315246582031e-01,3.580854739993810654e+00,-2.295236587524414062e+00,3.953170850872993469e-01,1.861572504043579102e+00,3.452683210372924805e+00,4.264783859252929688e+00
-3.112106313928961754e-01,4.211426258087158203e+00,-2.285195980221033096e+00,8.960939645767211914e-01,4.217472150921821594e-01,1.556396722793579102e+00,2.230740308761596680e+00,2.798172473907470703e+00
-2.850513448938727379e-01,1.678471565246582031e-01,5.791662540286779404e+00,-5.237253189086914062e+00,4.426727369427680969e-01,1.037597894668579102e+00,1.849079847335815430e+00,1.918437361717224121e+00
-2.543907156214118004e-01,2.502441883087158203e+00,8.119567297399044037e-01,-1.716096639633178711e+00,4.586200788617134094e-01,6.866457462310791016e-01,2.428723096847534180e+00,2.450066089630126953e+00
-2.329406728968024254e-01,7.781987190246582031e-01,7.579420413821935654e+00,-8.122620582580566406e+00,4.704017713665962219e-01,4.730226993560791016e-01,1.754093885421752930e+00,2.922406673431396484e+00
-1.935253133997321129e-01,3.036499500274658203e+00,1.515386905521154404e+00,-2.817352294921875000e+00,4.779968336224555969e-01,9.155297279357910156e-02,1.819039106369018555e+00,1.426878571510314941e+00
-1.634979238733649254e-01,8.239750862121582031e-01,5.903624091297388077e+00,-3.476033210754394531e+00,4.789447858929634094e-01,0.000000000000000000e+00,1.483154296875000000e+00,1.268176317214965820e+00
-1.251792898401618004e-01,2.593994617462158203e+00,1.021002512425184250e+00,-1.347479701042175293e+00,4.779911115765571594e-01,-5.645752549171447754e-01,2.794075146317481995e+00,2.595526695251464844e+00
-9.762763883918523788e-02,7.934575080871582031e-01,3.888510446995496750e+00,-4.193349361419677734e+00,4.698753431439399719e-01,-5.187988877296447754e-01,3.739929333329200745e+00,3.775210618972778320e+00
-6.321716215461492538e-02,2.777100086212158203e+00,-3.789330366998910904e+00,1.199987649917602539e+00,4.556350782513618469e-01,-1.022338986396789551e+00,5.155849635601043701e+00,4.902583122253417969e+00
-5.416107084602117538e-02,-7.019043564796447754e-01,2.742767568677663803e+00,-8.517323136329650879e-01,4.407730177044868469e-01,-7.324219942092895508e-01,5.266285121440887451e+00,5.198153018951416016e+00
-4.485511686652898788e-02,1.495361447334289551e+00,-2.425766114145517349e+00,1.556341886520385742e+00,4.253177717328071594e-01,-1.296997189521789551e+00,8.051490962505340576e+00,6.948437213897705078e+00
-3.197288420051336288e-02,-6.713866591453552246e-01,-1.096735335886478424e-01,-4.922754764556884766e-01,4.127941206097602844e-01,-5.187989473342895508e-01,6.731128871440887451e+00,7.300812244415283203e+00
-4.562568571418523788e-02,4.577637091279029846e-02,-4.241372238844633102e+00,4.476917743682861328e+00,4.000110700726509094e-01,-9.155274629592895508e-01,9.625053584575653076e+00,8.708076477050781250e+00
-4.894637968391180038e-02,-8.850098252296447754e-01,-4.299927715212106705e+00,4.174290180206298828e+00,3.942794874310493469e-01,-3.051769733428955078e-02,7.039261043071746826e+00,7.278633117675781250e+00
-6.591415312141180038e-02,-9.155274033546447754e-01,-7.645035985857248306e+00,7.754590988159179688e+00,3.928051069378852844e-01,-3.051759302616119385e-02,7.029819354414939880e+00,7.523006439208984375e+00
-9.017372038215398788e-02,-1.846313595771789551e+00,-7.799531292170286179e+00,6.427416801452636719e+00,3.930912092328071594e-01,1.373291164636611938e-01,5.456256642937660217e+00,6.169001579284667969e+00
-1.192874899134039879e-01,-1.632690668106079102e+00,-1.061172569170594215e+01,1.069855308532714844e+01,3.947429731488227844e-01,1.525880303233861923e-02,4.003715294413268566e+00,3.624903440475463867e+00
-1.518497457727789879e-01,-1.892090082168579102e+00,-1.078357780352234840e+01,9.305798530578613281e+00,3.950824812054634094e-01,0.000000000000000000e+00,1.436519443988800049e+00,2.511852741241455078e+00
-1.864681234583258629e-01,-2.456665277481079102e+00,-1.135940710082650185e+01,1.176218509674072266e+01,3.933506086468696594e-01,-2.746582329273223877e-01,-9.893420040607452393e-01,1.565389186143875122e-01
-2.241783132776618004e-01,-1.892090082168579102e+00,-1.553211370483040810e+01,1.462831306457519531e+01,3.848857954144477844e-01,-6.561279892921447754e-01,-1.519203364849090576e+00,-1.415820837020874023e+00
-2.724571218714118004e-01,-2.944946527481079102e+00,-1.476917425170540810e+01,1.512830638885498047e+01,3.716621473431587219e-01,-1.052856564521789551e+00,-2.366638183593750000e+00,-1.821657419204711914e+00
-3.092384329065680504e-01,-2.853393793106079102e+00,-1.632270971313118935e+01,1.539710140228271484e+01,3.512840345501899719e-01,-1.098632931709289551e+00,-3.063297271728515625e+00,-2.686738729476928711e+00
-3.645305624231696129e-01,-2.243042230606079102e+00,-1.791744390502572060e+01,1.757360076904296875e+01,3.289337232708930969e-01,-1.419067502021789551e+00,-3.306198120117187500e+00,-3.035842657089233398e+00
-4.136962881311774254e-01,-3.845215082168579102e+00,-1.784210411086678505e+01,1.831892204284667969e+01,3.023262098431587219e-01,-1.815796017646789551e+00,-4.496956229209899902e+00,-4.063729763031005859e+00
-4.787750234827399254e-01,-3.814697504043579102e+00,-1.782608238235116005e+01,1.712783050537109375e+01,2.681045606732368469e-01,-2.120971918106079102e+00,-4.373931884765625000e+00,-4.901899337768554688e+00
-5.507259359583258629e-01,-4.684448719024658203e+00,-1.646576086059212685e+01,1.664919471740722656e+01,2.292842939496040344e-01,-2.349853754043579102e+00,-4.243755340576171875e+00,-4.299124240875244141e+00
-6.254482259973883629e-01,-5.432129383087158203e+00,-1.487922826781868935e+01,1.559492683410644531e+01,1.845245435833930969e-01,-3.067016839981079102e+00,-1.805877685546875000e+00,-2.714521884918212891e+00
-7.159557333216071129e-01,-5.767822742462158203e+00,-1.218090215697884560e+01,1.210780143737792969e+01,1.335468366742134094e-01,-2.975464105606079102e+00,-4.683494567871093750e-01,-7.317500114440917969e-01
-7.689132681116461754e-01,-8.239750862121582031e-01,-6.964303407818078995e+00,7.500711441040039062e+00,1.113548353314399719e-01,-1.480102777481079102e+00,2.249050676822662354e+00,1.428737163543701172e+00
-7.243957510218024254e-01,9.765625000000000000e-01,-1.416397300735116005e+01,1.302990818023681641e+01,1.061115339398384094e-01,-9.155274182558059692e-02,1.162719570100307465e+00,1.551816344261169434e+00
-7.504596700891852379e-01,-2.273559808731079102e+00,-6.081773076206445694e+00,6.985997676849365234e+00,1.080017164349555969e-01,1.525879204273223877e-01,1.112651914358139038e+00,1.448189020156860352e+00
-7.484493246302008629e-01,3.204346895217895508e-01,-1.173973271623253822e+01,1.155847072601318359e+01,1.080150678753852844e-01,1.525878999382257462e-02,2.862739649601280689e+00,1.797919154167175293e+00
-7.628993978723883629e-01,-2.273559808731079102e+00,-5.639077398926019669e+00,6.523250102996826172e+00,1.269588544964790344e-01,1.083374142646789551e+00,-3.476429164409637451e+00,-1.075873017311096191e+00
-7.773151388391852379e-01,-3.051781654357910156e-02,-8.413506660610437393e+00,8.017940521240234375e+00,1.391754224896430969e-01,7.476807832717895508e-01,-3.715324580669403076e+00,-3.705469369888305664e+00
-7.969627371057868004e-01,-1.647949218750000000e+00,-3.452493371441960335e+00,2.216906785964965820e+00,1.602478101849555969e-01,1.083374142646789551e+00,-7.377147987484931946e+00,-6.353809356689453125e+00
-8.053455343469977379e-01,2.899170219898223877e-01,-7.188226494938135147e+00,7.032834529876708984e+00,1.748333051800727844e-01,7.781983613967895508e-01,-8.836269691586494446e+00,-8.657152175903320312e+00
-8.271656027063727379e-01,-2.288818359375000000e+00,2.450926564633846283e-01,1.234636783599853516e+00,1.891918256878852844e-01,6.256104707717895508e-01,-9.853649407625198364e+00,-1.004457950592041016e+01
-8.293285360559821129e-01,1.480102658271789551e+00,-7.154848070815205574e+00,6.900445461273193359e+00,1.985874250531196594e-01,5.340577363967895508e-01,-1.004991558194160461e+01,-1.040104007720947266e+01
-8.119239797815680504e-01,8.544923067092895508e-01,-5.298044119030237198e+00,6.026761531829833984e+00,2.236270979046821594e-01,2.456665277481079102e+00,-1.203460729122161865e+01,-1.098598480224609375e+01
-7.851390829309821129e-01,1.327514886856079102e+00,-1.662828598171472549e+00,9.337324500083923340e-01,2.350597456097602844e-01,1.525902654975652695e-02,-4.445457455702126026e+00,-6.474417209625244141e+00
-7.735099783167243004e-01,7.171633243560791016e-01,1.659009780734777451e+00,-8.388624340295791626e-02,2.489166334271430969e-01,1.327514767646789551e+00,-6.915092110633850098e+00,-5.360099792480468750e+00
-7.485752096399664879e-01,2.166748285293579102e+00,-3.535463485866785049e+00,1.281229138374328613e+00,2.640400007367134094e-01,5.798341035842895508e-01,-6.162929177284240723e+00,-6.278818607330322266e+00
-7.342910757288336754e-01,-1.220703199505805969e-01,3.042600970715284348e+00,-2.433937549591064453e+00,2.774200513958930969e-01,9.613038301467895508e-01,-6.051635384559631348e+00,-5.776257514953613281e+00
-7.114353170618414879e-01,2.410888671875000000e+00,4.867537878453731537e-01,-1.213952422142028809e+00,2.864036634564399719e-01,1.525880098342895508e-01,-1.804446816444396973e+00,-3.339742898941040039e+00
-6.882400503382086754e-01,9.918212890625000000e-01,1.521108951419591904e+00,-1.539930343627929688e+00,3.002395704388618469e-01,7.476807832717895508e-01,-4.090690255165100098e+00,-2.939450263977050781e+00
-6.657390585169196129e-01,2.319335937500000000e+00,-1.736642513424158096e+00,1.533935546875000000e+00,3.058567121624946594e-01,4.577648639678955078e-02,-1.236819863319396973e+00,-2.023812770843505859e+00
-6.333293905481696129e-01,1.083374023437500000e+00,1.502416934818029404e+00,-8.798583745956420898e-01,3.130893781781196594e-01,5.950928926467895508e-01,-2.166080117225646973e+00,-6.826544404029846191e-01
-6.104450216516852379e-01,2.090454101562500000e+00,-1.621629390865564346e+00,6.505980491638183594e-01,3.170852735638618469e-01,3.051769733428955078e-02,8.039478063583374023e-01,-6.583824753761291504e-01
-5.748176565393805504e-01,1.434326171875000000e+00,-1.903535518795251846e+00,2.364659786224365234e+00,3.202514722943305969e-01,1.373291313648223877e-01,1.207924515008926392e+00,1.315975785255432129e+00
-5.495243063196539879e-01,1.480102539062500000e+00,-1.613809261471033096e+00,9.944895505905151367e-01,3.195362165570259094e-01,-1.525879055261611938e-01,3.716183468699455261e+00,2.849542617797851562e+00
-5.237331381067633629e-01,1.678466796875000000e+00,-4.114915523678064346e+00,4.422641754150390625e+00,3.184795454144477844e-01,-3.356933891773223877e-01,5.676556438207626343e+00,5.393232822418212891e+00
-5.025482168421149254e-01,8.087158203125000000e-01,-1.096345577389001846e+00,1.533363103866577148e+00,3.167514875531196594e-01,-1.525878999382257462e-02,5.861092331819236279e+00,5.510530948638916016e+00
-4.764690389856696129e-01,1.937866210937500000e+00,-5.813218746334314346e+00,5.696465015411376953e+00,3.114662244915962219e-01,-2.593994438648223877e-01,8.145047038793563843e+00,8.028510093688964844e+00
-4.664993276819586754e-01,7.629394531250000000e-02,-1.071359310299158096e+00,1.138789772987365723e+00,3.098888471722602844e-01,-1.373291313648223877e-01,9.023094981908798218e+00,8.831588745117187500e+00
-4.431419363245368004e-01,2.212524414062500000e+00,-8.589936885982751846e+00,7.543543338775634766e+00,3.069896772503852844e-01,-1.678467094898223877e-01,9.736348003149032593e+00,9.414179801940917969e+00
-4.369373312219977379e-01,-1.007080197334289551e+00,-2.371026400476694107e+00,3.675311803817749023e+00,3.066406324505805969e-01,0.000000000000000000e+00,1.011972498893737793e+01,9.305608749389648438e+00
-4.428596487268805504e-01,-4.577648639678955078e-02,-2.327157292515039444e+00,1.564872503280639648e+00,3.053360059857368469e-01,-4.119873344898223877e-01,1.180801472067832947e+01,1.115968322753906250e+01
-4.335422506555914879e-01,5.950928330421447754e-01,-4.832460079342126846e+00,3.506183147430419922e+00,3.078537061810493469e-01,2.136230766773223877e-01,9.522057205438613892e+00,9.982966423034667969e+00
-4.360103597864508629e-01,-5.798340439796447754e-01,-1.891900453716516495e+00,2.435349225997924805e+00,3.155555799603462219e-01,7.781983017921447754e-01,6.666470110416412354e+00,7.321402072906494141e+00
-4.254035940393805504e-01,2.166748285293579102e+00,-8.658792648464441299e+00,7.678863048553466797e+00,3.288021162152290344e-01,8.087158799171447754e-01,4.560184302739799023e+00,5.469194889068603516e+00
-4.094238271936774254e-01,-9.155274182558059692e-02,-5.740167278796434402e+00,6.454025745391845703e+00,3.378219678997993469e-01,6.561279892921447754e-01,3.680705848149955273e+00,4.164297580718994141e+00
-4.095306387171149254e-01,1.831054836511611938e-01,-6.266595546156167984e+00,6.366446495056152344e+00,3.436546400189399719e-01,2.441406846046447754e-01,3.997134983539581299e+00,4.009203910827636719e+00
-4.001102438196539879e-01,4.272461533546447754e-01,-8.535577628761529922e+00,8.566934585571289062e+00,3.494682386517524719e-01,2.746582627296447754e-01,2.792358208447694778e+00,3.555330753326416016e+00
-3.978805532678961754e-01,1.983643174171447754e-01,-8.868791434913873672e+00,9.329820632934570312e+00,3.500385358929634094e-01,0.000000000000000000e+00,3.108215287327766418e+00,2.758207559585571289e+00
-3.955078115686774254e-01,0.000000000000000000e+00,-9.600640986114740372e+00,9.848021507263183594e+00,3.502826765179634094e-01,0.000000000000000000e+00,2.396964982151985168e+00,3.045081377029418945e+00
-3.955078115686774254e-01,0.000000000000000000e+00,-9.325410578399896622e+00,8.149425506591796875e+00,3.493557050824165344e-01,-1.220703199505805969e-01,2.541446663439273834e+00,2.400640487670898438e+00
-3.979301443323493004e-01,-4.272461235523223877e-01,-8.284188900142908096e+00,9.251436233520507812e+00,3.458118513226509094e-01,-2.136230766773223877e-01,2.819824263453483582e+00,2.678551197052001953e+00
-4.060344686731696129e-01,-4.882813096046447754e-01,-8.123208615928888321e+00,8.072094917297363281e+00,3.410549238324165344e-01,-3.509521782398223877e-01,3.383445739746093750e+00,3.196230888366699219e+00
-4.164581289514899254e-01,-6.103516221046447754e-01,-7.140351865440607071e+00,7.239430904388427734e+00,3.356475904583930969e-01,-3.204346001148223877e-01,3.904438018798828125e+00,3.758357763290405273e+00
-4.285640707239508629e-01,-8.697510361671447754e-01,-5.993653867393732071e+00,6.167505741119384766e+00,3.290138319134712219e-01,-3.967285454273223877e-01,4.355907440185546875e+00,4.255538940429687500e+00
-4.418621053919196129e-01,-8.087158799171447754e-01,-5.938913021236658096e+00,6.669909000396728516e+00,3.229694440960884094e-01,-3.662109673023223877e-01,5.165863037109375000e+00,5.049203872680664062e+00
-4.566726675257086754e-01,-8.239746689796447754e-01,-5.430032406002283096e+00,4.988726139068603516e+00,3.172168806195259094e-01,-3.662109673023223877e-01,5.518054962158203125e+00,5.465299606323242188e+00
-4.742584219202399254e-01,-1.022338986396789551e+00,-2.812196288257837296e+00,3.106277704238891602e+00,3.118629530072212219e-01,-2.441406548023223877e-01,5.764675140380859375e+00,5.810429096221923828e+00
-4.859409322962164879e-01,-4.425050020217895508e-01,-3.076363984495401382e+00,2.676924943923950195e+00,3.069267347455024719e-01,-3.204346001148223877e-01,6.352043151855468750e+00,6.295869350433349609e+00
-4.993743887171149254e-01,-9.460450410842895508e-01,-1.319886658340692520e+00,2.655674457550048828e+00,3.039341047406196594e-01,-1.678467094898223877e-01,6.297683715820312500e+00,6.079612255096435547e+00
-5.085945120081305504e-01,-4.730225801467895508e-01,-1.590348694473505020e+00,1.928845882415771484e+00,3.018150404095649719e-01,-1.068115532398223877e-01,6.254768371582031250e+00,6.574664592742919922e+00
-5.215682974085211754e-01,-7.476807832717895508e-01,1.909241937100887299e-01,-8.619663119316101074e-01,3.015136793255805969e-01,0.000000000000000000e+00,5.843067079782485962e+00,5.908521652221679688e+00
-5.251007070764899254e-01,-4.577648639678955078e-02,-1.125146362930536270e+00,-4.112120866775512695e-01,3.015136793255805969e-01,0.000000000000000000e+00,5.688285738229751587e+00,5.748705863952636719e+00
-5.341720571741461754e-01,-8.697510957717895508e-01,1.031111266463994980e+00,-1.178647279739379883e+00,3.039074018597602844e-01,1.983642727136611938e-01,4.865741685032844543e+00,4.808240413665771484e+00
-5.392990102991461754e-01,0.000000000000000000e+00,-7.961289621889591217e-01,1.160062551498413086e+00,3.075828626751899719e-01,3.051758110523223877e-01,3.807163137942552567e+00,4.164901733398437500e+00
-5.431385030969977379e-01,-7.781983017921447754e-01,1.242636110633611679e+00,-1.265251278877258301e+00,3.121872022747993469e-01,2.288818657398223877e-01,3.387451079674065113e+00,3.465310573577880859e+00
-5.499153127893805504e-01,-3.051763772964477539e-02,5.359635017812252045e-01,-6.075092554092407227e-01,3.166198804974555969e-01,2.593994438648223877e-01,2.585792449302971363e+00,2.461789369583129883e+00
-5.498981466516852379e-01,0.000000000000000000e+00,4.732116125524044037e-01,-1.923392266035079956e-01,3.207359388470649719e-01,1.678467094898223877e-01,2.164363766089081764e+00,2.869660139083862305e+00
-5.498981466516852379e-01,0.000000000000000000e+00,4.365905188024044037e-01,-2.120550572872161865e-01,3.235492780804634094e-01,1.831054985523223877e-01,1.766681581735610962e+00,1.647389411926269531e+00
-5.501422872766852379e-01,0.000000000000000000e+00,4.247649554163217545e-01,-3.065384328365325928e-01,3.246479108929634094e-01,0.000000000000000000e+00,2.132892608642578125e+00,2.705070257186889648e+00
-5.501422872766852379e-01,1.373291164636611938e-01,1.741393171250820160e-01,-3.023689389228820801e-01,3.251361921429634094e-01,0.000000000000000000e+00,2.041339874267578125e+00,2.225154638290405273e+00
-5.416469564661383629e-01,4.272461533546447754e-01,-1.255227837711572647e+00,5.371189117431640625e-01,3.258457258343696594e-01,6.103516370058059692e-02,1.751804329454898834e+00,1.916769742965698242e+00
-5.385742178186774254e-01,0.000000000000000000e+00,-7.080093957483768463e-01,8.086923360824584961e-01,3.275966718792915344e-01,1.373291164636611938e-01,1.241970017552375793e+00,1.598901152610778809e+00
-5.361671438440680504e-01,3.662109673023223877e-01,-1.681138727813959122e+00,1.518833518028259277e+00,3.297100141644477844e-01,1.525879055261611938e-01,8.791923075914382935e-01,1.641587734222412109e+00
-5.343017568811774254e-01,0.000000000000000000e+00,-1.173402464017271996e+00,1.936503052711486816e+00,3.318424299359321594e-01,1.068115383386611938e-01,6.966590434312820435e-01,7.821905612945556641e-01
-5.311565389856696129e-01,2.746582329273223877e-01,-2.011300776153802872e+00,2.683449029922485352e+00,3.324394300580024719e-01,3.051759302616119385e-02,7.793426038697361946e-01,-4.547905921936035156e-01
-5.302734365686774254e-01,0.000000000000000000e+00,-1.550294551998376846e+00,2.135627985000610352e+00,3.332481458783149719e-01,3.051759302616119385e-02,6.963729411363601685e-01,2.532000541687011719e-01
-5.302734365686774254e-01,0.000000000000000000e+00,-1.550294551998376846e+00,1.000616431236267090e+00,3.333797529339790344e-01,1.525878999382257462e-02,7.224082918837666512e-01,7.497493028640747070e-01
-5.302734365686774254e-01,0.000000000000000000e+00,-1.550294551998376846e+00,2.533238172531127930e+00,3.334369733929634094e-01,0.000000000000000000e+00,7.596015930175781250e-01,5.847384333610534668e-01
-5.302734365686774254e-01,0.000000000000000000e+00,-1.550294551998376846e+00,1.315819740295410156e+00,3.334369733929634094e-01,0.000000000000000000e+00,7.596015930175781250e-01,7.948300242424011230e-01
-5.302734365686774254e-01,0.000000000000000000e+00,-1.550294551998376846e+00,1.485254645347595215e+00,3.335590437054634094e-01,0.000000000000000000e+00,7.412910461425781250e-01,7.331475019454956055e-01
-5.302734365686774254e-01,0.000000000000000000e+00,-1.550294551998376846e+00,2.994929552078247070e+00,3.335590437054634094e-01,0.000000000000000000e+00,7.412910461425781250e-01,6.445746421813964844e-01
-5.302734365686774254e-01,0.000000000000000000e+00,-1.550294551998376846e+00,3.486425876617431641e-01,3.335590437054634094e-01,0.000000000000000000e+00,7.412910461425781250e-01,3.702390491962432861e-01
-5.302734365686774254e-01,0.000000000000000000e+00,-1.550294551998376846e+00,2.839013099670410156e+00,3.335590437054634094e-01,0.000000000000000000e+00,7.412910461425781250e-01,6.863794922828674316e-01
-5.302734365686774254e-01,0.000000000000000000e+00,-1.550294551998376846e+00,-1.210255622863769531e-01,3.335590437054634094e-01,0.000000000000000000e+00,7.412910461425781250e-01,5.961999297142028809e-01
-5.302734365686774254e-01,0.000000000000000000e+00,-1.550294551998376846e+00,1.653741240501403809e+00,3.335590437054634094e-01,0.000000000000000000e+00,7.412910461425781250e-01,-6.044354438781738281e-01
-5.302734365686774254e-01,0.000000000000000000e+00,-1.562501583248376846e+00,8.935948610305786133e-01,3.335590437054634094e-01,0.000000000000000000e+00,7.412910461425781250e-01,8.528386950492858887e-01
-5.302734365686774254e-01,0.000000000000000000e+00,-1.562501583248376846e+00,1.309532880783081055e+00,3.335590437054634094e-01,0.000000000000000000e+00,7.412910461425781250e-01,6.422025561332702637e-01
-5.302734365686774254e-01,0.000000000000000000e+00,-1.562501583248376846e+00,1.041911721229553223e+00,3.335590437054634094e-01,0.000000000000000000e+00,7.229804992675781250e-01,7.651958465576171875e-01
-5.302734365686774254e-01,0.000000000000000000e+00,-1.562501583248376846e+00,1.981642246246337891e+00,3.335590437054634094e-01,0.000000000000000000e+00,7.229804992675781250e-01,9.596077203750610352e-01
-5.302734365686774254e-01,0.000000000000000000e+00,-1.562501583248376846e+00,2.444002389907836914e+00,3.335590437054634094e-01,0.000000000000000000e+00,7.229804992675781250e-01,9.673374891281127930e-01
-5.302734365686774254e-01,0.000000000000000000e+00,-1.562501583248376846e+00,1.032665014266967773e+00,3.335590437054634094e-01,0.000000000000000000e+00,7.229804992675781250e-01,7.883778810501098633e-01
-5.302734365686774254e-01,0.000000000000000000e+00,-1.562501583248376846e+00,9.229946136474609375e-01,3.335590437054634094e-01,0.000000000000000000e+00,7.229804992675781250e-01,5.006580352783203125e-01
-5.302734365686774254e-01,0.000000000000000000e+00,-1.562501583248376846e+00,1.136455893516540527e+00,3.335590437054634094e-01,0.000000000000000000e+00,7.229804992675781250e-01,5.106657743453979492e-01
-5.302734365686774254e-01,0.000000000000000000e+00,-1.562501583248376846e+00,1.944167613983154297e+00,3.335590437054634094e-01,0.000000000000000000e+00,7.229804992675781250e-01,7.577046155929565430e-01
-5.302734365686774254e-01,0.000000000000000000e+00,-1.562501583248376846e+00,3.081946372985839844e-01,3.333530500531196594e-01,-3.051758185029029846e-02,8.454322926700115204e-01,7.016400098800659180e-01
-5.302734365686774254e-01,0.000000000000000000e+00,-1.562501583248376846e+00,2.329349279403686523e+00,3.333740308880805969e-01,0.000000000000000000e+00,7.507324218750000000e-01,8.202667236328125000e-01
-5.302734365686774254e-01,0.000000000000000000e+00,-1.562501583248376846e+00,1.433880686759948730e+00,3.333740308880805969e-01,0.000000000000000000e+00,7.507324218750000000e-01,8.277535438537597656e-01
-5.302734365686774254e-01,0.000000000000000000e+00,-1.562501583248376846e+00,-1.834959983825683594e-01,3.333740308880805969e-01,0.000000000000000000e+00,7.507324218750000000e-01,9.254863262176513672e-01
-5.302734365686774254e-01,0.000000000000000000e+00,-1.562501583248376846e+00,2.099192857742309570e+00,3.333740308880805969e-01,0.000000000000000000e+00,7.507324218750000000e-01,8.371115922927856445e-01
-5.302734365686774254e-01,0.000000000000000000e+00,-1.562501583248376846e+00,9.003529548645019531e-01,3.333740308880805969e-01,0.000000000000000000e+00,7.507324218750000000e-01,8.419627547264099121e-01
-5.302734365686774254e-01,0.000000000000000000e+00,-1.562501583248376846e+00,2.661990404129028320e+00,3.333740308880805969e-01,0.000000000000000000e+00,7.507324218750000000e-01,8.460724949836730957e-01
-5.302734365686774254e-01,0.000000000000000000e+00,-1.562501583248376846e+00,2.514730215072631836e+00,3.333740308880805969e-01,0.000000000000000000e+00,7.507324218750000000e-01,7.370730042457580566e-01
-5.302734365686774254e-01,0.000000000000000000e+00,-1.574708614498376846e+00,2.829033613204956055e+00,3.333740308880805969e-01,0.000000000000000000e+00,7.507324218750000000e-01,7.410088777542114258e-01
-5.302734365686774254e-01,0.000000000000000000e+00,-1.574708614498376846e+00,6.993898749351501465e-01,3.333740308880805969e-01,0.000000000000000000e+00,7.507324218750000000e-01,8.954910039901733398e-01
-5.302734365686774254e-01,0.000000000000000000e+00,-1.574708614498376846e+00,1.158026933670043945e+00,3.333740308880805969e-01,0.000000000000000000e+00,7.507324218750000000e-01,7.491741180419921875e-01
-5.302734365686774254e-01,0.000000000000000000e+00,-1.574708614498376846e+00,4.402490854263305664e-01,3.333740308880805969e-01,0.000000000000000000e+00,7.324218750000000000e-01,5.118913054466247559e-01
-5.302734365686774254e-01,0.000000000000000000e+00,-1.574708614498376846e+00,1.956485629081726074e+00,3.333740308880805969e-01,0.000000000000000000e+00,7.324218750000000000e-01,7.189503312110900879e-01
-5.302734365686774254e-01,0.000000000000000000e+00,-1.574708614498376846e+00,1.492256522178649902e+00,3.333740308880805969e-01,0.000000000000000000e+00,7.324218750000000000e-01,2.387857437133789062e-01
-5.302734365686774254e-01,0.000000000000000000e+00,-1.574708614498376846e+00,1.894529104232788086e+00,3.333740308880805969e-01,0.000000000000000000e+00,7.324218750000000000e-01,7.602843046188354492e-01
-5.302734365686774254e-01,0.000000000000000000e+00,-1.574708614498376846e+00,2.208945751190185547e+00,3.333740308880805969e-01,0.000000000000000000e+00,7.324218750000000000e-01,7.633648514747619629e-01
-5.302734365686774254e-01,0.000000000000000000e+00,-1.574708614498376846e+00,-7.169024944305419922e-01,3.333740308880805969e-01,0.000000000000000000e+00,7.324218750000000000e-01,7.651348114013671875e-01
-5.302734365686774254e-01,0.000000000000000000e+00,-1.574708614498376846e+00,8.943271636962890625e-01,3.333740308880805969e-01,0.000000000000000000e+00,7.324218750000000000e-01,9.365965723991394043e-01
-5.302734365686774254e-01,0.000000000000000000e+00,-1.574708614498376846e+00,1.227474451065063477e+00,3.333740308880805969e-01,0.000000000000000000e+00,7.324218750000000000e-01,1.181196093559265137e+00
-5.302734365686774254e-01,0.000000000000000000e+00,-1.574708614498376846e+00,1.671553611755371094e+00,3.333740308880805969e-01,0.000000000000000000e+00,7.324218750000000000e-01,4.049313068389892578e-01
-5.302734365686774254e-01,0.000000000000000000e+00,-1.574708614498376846e+00,1.295761466026306152e+00,3.333740308880805969e-01,0.000000000000000000e+00,7.324218750000000000e-01,7.752664089202880859e-01
-5.302734365686774254e-01,0.000000000000000000e+00,-1.574708614498376846e+00,1.736520648002624512e+00,3.333740308880805969e-01,0.000000000000000000e+00,7.324218750000000000e-01,8.876869082450866699e-01
-5.302734365686774254e-01,0.000000000000000000e+00,-1.574708614498376846e+00,1.272208690643310547e+00,3.333740308880805969e-01,0.000000000000000000e+00,7.324218750000000000e-01,2.941604852676391602e-01
-5.302734365686774254e-01,0.000000000000000000e+00,-1.574708614498376846e+00,1.270911693572998047e+00,3.333740308880805969e-01,0.000000000000000000e+00,7.324218750000000000e-01,1.665800213813781738e+00
-5.302734365686774254e-01,0.000000000000000000e+00,-1.574708614498376846e+00,1.005611717700958252e-01,3.333740308880805969e-01,0.000000000000000000e+00,7.324218750000000000e-01,7.748180031776428223e-01
-5.302734365686774254e-01,0.000000000000000000e+00,-1.574708614498376846e+00,2.479214668273925781e-01,3.333740308880805969e-01,0.000000000000000000e+00,7.324218750000000000e-01,2.211605906486511230e-01
-5.302734365686774254e-01,0.000000000000000000e+00,-1.574708614498376846e+00,1.493537425994873047e+00,3.333740308880805969e-01,0.000000000000000000e+00,7.324218750000000000e-01,5.885503292083740234e-01
-5.302734365686774254e-01,0.000000000000000000e+00,-1.574708614498376846e+00,1.101574778556823730e+00,3.333740308880805969e-01,0.000000000000000000e+00,7.324218750000000000e-01,7.008792757987976074e-01
-5.302734365686774254e-01,0.000000000000000000e+00,-1.574708614498376846e+00,1.705045461654663086e+00,3.333740308880805969e-01,0.000000000000000000e+00,7.324218750000000000e-01,8.865184783935546875e-01
-5.302734365686774254e-01,0.000000000000000000e+00,-1.574708614498376846e+00,1.487812876701354980e+00,3.333740308880805969e-01,0.000000000000000000e+00,7.324218750000000000e-01,1.662680029869079590e+00
-5.302734365686774254e-01,0.000000000000000000e+00,-1.574708614498376846e+00,2.464664697647094727e+00,3.333740308880805969e-01,0.000000000000000000e+00,7.324218750000000000e-01,-1.187629699707031250e-01
-5.302734365686774254e-01,0.000000000000000000e+00,-1.574708614498376846e+00,1.556151986122131348e+00,3.333740308880805969e-01,0.000000000000000000e+00,7.324218750000000000e-01,5.875074863433837891e-01
-5.302734365686774254e-01,0.000000000000000000e+00,-1.574708614498376846e+00,1.569220423698425293e+00,3.333740308880805969e-01,0.000000000000000000e+00,7.324218750000000000e-01,1.181942820549011230e+00
-5.302734365686774254e-01,0.000000000000000000e+00,-1.574708614498376846e+00,1.971920609474182129e+00,3.333740308880805969e-01,0.000000000000000000e+00,7.324218750000000000e-01,7.751426100730895996e-01
-5.302734365686774254e-01,0.000000000000000000e+00,-1.574708614498376846e+00,2.026116609573364258e+00,3.333740308880805969e-01,0.000000000000000000e+00,7.324218750000000000e-01,7.008584737777709961e-01
-5.302734365686774254e-01,0.000000000000000000e+00,-1.574708614498376846e+00,2.556240558624267578e+00,3.333740308880805969e-01,0.000000000000000000e+00,7.324218750000000000e-01,5.889808535575866699e-01
-5.302734365686774254e-01,0.000000000000000000e+00,-1.574708614498376846e+00,2.007951498031616211e+00,3.333740308880805969e-01,0.000000000000000000e+00,7.324218750000000000e-01,7.729209065437316895e-01
-5.302734365686774254e-01,0.000000000000000000e+00,-1.574708614498376846e+00,1.564506411552429199e+00,3.333740308880805969e-01,0.000000000000000000e+00,7.324218750000000000e-01,-1.145129203796386719e-01
-5.302734365686774254e-01,0.000000000000000000e+00,-1.574708614498376846e+00,1.351739525794982910e+00,3.333740308880805969e-01,0.000000000000000000e+00,7.324218750000000000e-01,8.869487047195434570e-01
-5.302734365686774254e-01,0.000000000000000000e+00,-1.574708614498376846e+00,2.486299753189086914e+00,3.333740308880805969e-01,0.000000000000000000e+00,7.324218750000000000e-01,1.163691759109497070e+00
-5.302734365686774254e-01,0.000000000000000000e+00,-1.574708614498376846e+00,2.184447765350341797e+00,3.333740308880805969e-01,0.000000000000000000e+00,7.324218750000000000e-01,7.017567753791809082e-01
